27	51
12	126
12	127
12	128
12	129
12	130
5	170
6	171
6	172
5	173
4	174
4	175
4	176
4	177
0	199
0	200
0	201
0	202
0	203
0	204
37	218
37	219
37	220
37	221
37	222
21	223
21	224
21	225
21	226
21	227
21	228
21	229
21	230
14	238
1	365
36	366
1	367
1	368
0	444
0	445
14	446
37	447
63	454
47	473
33	558
38	559
33	560
38	561
45	562
45	563
39	726
39	727
39	728
39	729
37	730
34	731
37	732
11	819
11	820
11	821
53	830
53	831
53	832
10	835
35	875
35	876
25	877
35	878
42	909
42	910
42	911
27	925
21	979
64	990
64	1001
4	1005
57	1031
57	1032
57	1033
57	1034
57	1035
59	1119
11	1120
11	1121
11	1122
11	1123
11	1124
69	1125
69	1126
69	1127
69	1128
69	1129
69	1130
69	1131
24	1132
24	1133
24	1134
46	1135
70	1154
24	1155
70	1156
70	1157
70	1158
0	1175
5	1265
5	1266
6	1267
6	1268
5	1269
5	1270
69	1282
0	1295
91	1296
91	1297
5	1298
5	1299
5	1300
3	1318
21	1350
21	1368
21	1369
21	1370
57	1432
57	1433
57	1434
34	1435
42	1467
29	1469
12	1470
67	1471
32	1472
71	1473
92	1475
59	1476
29	1477
21	1481
93	1489
34	1491
11	1494
94	1531
39	1534
34	1537
34	1538
34	1539
58	1560
58	1561
58	1562
27	1563
58	1573
58	1588
58	1596
58	1597
77	1607
77	1608
77	1609
58	1610
58	1615
58	1616
58	1617
58	1618
58	1619
58	1629
58	1630
58	1631
58	1632
58	1633
65	1640
65	1641
65	1642
65	1643
78	1649
78	1650
78	1651
78	1652
78	1653
44	1657
51	1663
51	1664
51	1665
51	1666
51	1667
51	1668
51	1669
4	1689
4	1690
4	1691
4	1692
4	1693
74	1694
65	1722
28	1751
27	1752
13	1753
13	1761
45	1765
45	1766
45	1767
45	1768
45	1769
45	1770
34	1883
14	1901
35	2006
58	2029
51	2039
44	2051
44	2052
44	2053
13	2054
13	2059
33	2069
33	2070
33	2071
33	2072
33	2073
5	2078
5	2079
5	2080
47	2081
47	2082
47	2083
47	2084
0	2101
0	2102
0	2103
27	2104
27	2105
7	2114
21	2125
21	2408
21	2414
21	2419
21	2420
21	2421
21	2422
21	2429
21	2432
21	2437
21	2438
21	2439
21	2440
21	2443
21	2444
21	2445
21	2446
71	2457
59	2462
59	2463
7	2488
7	2489
7	2490
93	2498
93	2499
34	2516
34	2517
28	47
27	48
29	49
27	50
5	131
6	132
5	133
5	134
5	135
30	212
36	213
36	214
30	245
31	246
30	247
60	342
60	343
60	346
5	361
37	443
60	459
60	460
60	461
60	462
5	466
38	467
14	468
40	469
47	470
60	471
47	472
63	481
14	596
40	597
40	598
40	599
40	600
14	601
40	602
14	656
14	657
14	658
14	659
14	660
37	661
56	788
25	859
25	860
35	861
29	864
7	893
57	932
57	933
57	934
43	935
64	991
64	992
64	993
64	994
64	995
64	996
75	1021
11	1041
89	1042
75	1043
75	1044
54	1080
54	1081
54	1082
54	1083
54	1084
24	1163
24	1164
24	1165
34	1166
21	1217
54	1250
54	1251
54	1252
54	1253
10	1454
69	1456
69	1457
69	1458
69	1459
0	1474
34	1480
75	1497
75	1501
4	1502
67	1503
4	1504
4	1505
4	1506
67	1507
4	1508
4	1509
4	1510
67	1511
4	1512
4	1513
67	1514
58	1578
58	1579
58	1580
58	1611
58	1612
58	1613
58	1614
73	1695
4	1696
4	1697
73	1698
73	1699
85	1714
72	1715
72	1716
72	1717
72	1718
65	1721
34	1723
45	1732
45	1733
45	1734
45	1735
45	1736
45	1737
33	1743
69	1744
45	1745
45	1746
70	1750
13	1754
13	1757
49	1912
93	1996
69	2018
69	2019
45	2020
45	2021
26	2040
26	2041
26	2042
13	2055
13	2056
13	2057
13	2058
66	2085
66	2086
66	2087
66	2088
66	2089
66	2090
14	2091
14	2092
14	2093
14	2094
14	2095
14	2096
14	2097
14	2098
14	2099
21	2107
21	2127
21	2134
21	2135
2	4
7	40
26	74
26	75
25	76
25	77
7	116
60	352
60	353
60	354
60	355
69	356
69	357
5	358
5	359
71	360
60	458
14	639
14	640
14	641
14	642
14	643
14	644
14	645
37	676
25	806
25	807
25	808
25	809
51	838
68	939
10	959
10	960
10	961
10	962
10	963
21	976
21	982
64	1012
33	1013
33	1014
63	1015
63	1016
50	1068
95	1085
95	1086
95	1091
4	1092
4	1093
4	1094
4	1095
59	1115
59	1116
59	1117
59	1118
62	1263
5	1302
5	1303
5	1304
5	1305
96	1352
96	1353
96	1354
96	1355
96	1356
21	1359
21	1360
21	1361
21	1362
69	1455
47	1460
60	1462
14	1464
11	1468
93	1478
21	1484
58	1485
69	1486
71	1487
45	1488
42	1495
91	1498
65	1500
34	1536
58	1574
58	1575
58	1576
58	1577
58	1602
58	1603
58	1604
58	1605
58	1606
59	1624
65	1634
65	1635
65	1636
65	1637
65	1638
65	1639
61	1700
61	1701
61	1702
61	1703
34	1719
34	1720
49	1731
46	1738
33	1739
46	1740
33	1741
33	1742
47	1902
47	1903
47	1904
93	1993
93	1994
93	1995
46	2017
2	2060
2	2061
2	2062
2	2063
2	2064
5	2074
5	2075
5	2076
5	2077
21	2109
21	2110
21	2111
21	2112
21	2113
75	2116
21	2126
69	2317
69	2318
47	2392
47	2393
47	2394
12	2451
12	2452
67	2453
67	2454
11	2455
11	2456
93	2476
93	2477
65	2493
65	2494
42	2500
42	2501
91	2518
91	2519
13	2527
13	2528
13	2529
13	2530
41	435
60	455
60	456
60	457
51	836
51	837
86	953
86	954
86	955
64	983
64	984
64	985
64	986
64	987
72	1055
72	1056
84	1057
72	1058
97	1143
35	1185
35	1186
35	1187
35	1188
62	1283
54	1662
8	1981
21	119
60	329
60	440
37	638
55	812
55	813
52	841
10	897
35	967
86	1087
86	1088
86	1089
95	1090
12	1465
58	1564
58	1568
61	1707
61	1708
61	1709
61	1710
61	1711
61	1712
61	1713
2	1760
21	1811
21	1812
21	1813
21	1814
21	1815
21	1835
21	1836
21	1837
21	1838
21	1856
21	1860
21	1863
21	1875
12	2106
21	2115
21	2433
21	2434
37	10
37	11
63	232
66	234
66	235
63	236
66	237
66	238
66	239
64	404
10	413
5	433
25	436
25	437
25	438
25	439
55	451
55	452
7	462
7	463
7	464
7	465
7	467
49	469
75	477
54	478
53	481
33	484
4	494
52	499
52	500
52	501
29	512
29	514
57	515
52	516
47	522
44	525
35	530
35	535
25	536
25	537
51	538
11	542
35	549
4	563
7	568
7	569
7	570
63	605
34	608
34	609
34	649
24	650
51	653
68	655
27	656
55	659
10	660
58	732
58	733
58	734
58	742
58	743
58	744
58	745
58	746
58	751
58	752
58	761
58	762
58	763
58	764
58	765
27	770
27	771
58	773
58	774
58	779
58	788
58	793
59	799
59	800
59	801
59	802
59	803
59	804
58	810
58	811
58	821
58	822
58	823
58	824
58	825
58	826
58	833
58	834
77	835
77	836
77	837
72	849
61	851
72	852
65	853
65	854
65	855
65	856
65	857
65	858
61	869
61	871
61	872
61	873
51	874
58	879
61	880
61	881
11	882
33	883
26	884
26	885
26	886
78	887
72	892
61	893
61	894
72	895
72	896
43	897
61	898
72	899
61	900
61	901
61	902
61	903
61	904
61	905
61	906
4	907
4	908
4	909
4	910
4	911
44	912
44	913
44	914
44	915
61	916
61	917
61	918
61	919
61	920
61	921
61	922
54	923
54	924
54	925
54	926
54	927
74	928
73	929
73	930
4	931
4	932
73	933
72	934
34	940
65	942
60	944
14	946
39	952
39	953
39	954
41	955
40	956
40	957
33	958
33	959
33	960
33	961
33	962
33	963
33	964
33	965
33	966
38	967
38	968
38	969
53	970
34	972
34	973
34	974
49	976
52	977
49	978
52	979
33	980
52	981
64	1019
45	1031
45	1032
45	1033
45	1034
45	1035
45	1036
33	1047
46	1048
33	1049
46	1050
33	1051
2	1060
7	1065
4	1073
13	1076
13	1077
13	1078
13	1079
13	1080
13	1081
2	1082
3	1083
3	1084
2	1085
2	1086
2	1087
3	1088
3	1089
2	1090
2	1091
7	1092
7	1093
7	1094
7	1095
7	1096
7	1097
7	1098
7	1099
7	1100
27	1101
28	1102
27	1103
29	1104
27	1105
27	1106
28	1107
27	1108
29	1109
27	1110
10	1112
10	1113
10	1114
10	1115
10	1116
0	1117
8	1121
31	1123
8	1124
9	1125
33	1126
30	1131
31	1132
30	1133
25	1134
26	1135
26	1136
25	1137
34	1139
34	1143
10	1147
10	1148
10	1149
10	1150
10	1152
10	1153
10	1154
10	1155
10	1156
10	1157
10	1158
10	1159
7	1165
7	1166
7	1167
7	1168
7	1169
7	1170
7	1171
7	1172
11	1173
11	1174
11	1175
12	1176
12	1177
12	1178
12	1179
12	1180
5	1186
6	1187
5	1188
14	1189
14	1190
14	1191
14	1192
14	1193
14	1194
14	1195
35	1196
35	1197
35	1198
35	1199
35	1200
5	1203
5	1204
6	1205
6	1206
4	1207
4	1208
4	1209
4	1210
32	1211
5	1214
11	1215
6	1216
5	1217
0	1218
0	1219
0	1220
0	1221
0	1222
0	1223
0	1224
5	1230
12	1231
5	1232
36	1233
36	1240
30	1241
36	1242
37	1243
14	1248
14	1249
14	1250
14	1251
14	1252
14	1253
30	1258
30	1259
31	1260
30	1261
34	1262
45	1266
45	1267
45	1268
38	1269
38	1270
33	1273
40	1277
33	1280
40	1283
40	1286
38	1287
39	1288
39	1292
39	1293
39	1294
39	1295
33	1296
48	1300
46	1301
46	1304
46	1307
46	1311
46	1314
46	1317
42	1320
38	1321
42	1322
42	1323
38	1324
33	1326
33	1329
43	1332
33	1335
33	1336
39	1339
39	1340
39	1341
38	1342
39	1343
43	1344
39	1352
39	1353
39	1354
43	1355
2	1359
2	1363
2	1367
39	1371
38	1374
76	1399
76	1400
6	1401
34	1402
76	1403
14	1412
14	1413
14	1414
14	1415
14	1416
11	1417
1	1427
44	1434
21	1436
21	1439
70	1747
70	1748
70	1749
21	1857
21	1858
58	2483
58	2484
49	982
52	983
49	984
52	985
33	986
52	987
7	1066
7	1067
7	1068
7	1069
7	1070
7	1071
7	1072
4	1074
4	1075
68	1144
68	1145
34	1146
5	1181
5	1182
6	1183
5	1184
5	1185
32	1212
32	1213
0	1225
30	1234
38	1271
38	1272
33	1274
33	1275
33	1276
40	1284
40	1285
46	1308
46	1309
46	1310
33	1337
33	1338
38	1375
38	1376
38	1377
38	1378
21	1396
47	1424
47	1425
0	1428
1	1429
1	1430
21	1443
2	0
2	1
2	2
4	3
4	15
35	165
14	231
14	232
14	233
14	234
14	235
14	236
14	237
52	408
14	585
54	846
54	847
54	848
35	852
35	964
25	965
35	966
21	973
21	974
21	975
64	988
64	989
4	1002
4	1003
4	1004
5	1006
64	1007
5	1008
29	1149
29	1150
29	1151
43	1152
29	1153
0	1264
14	1463
47	1479
27	1482
48	1483
71	1492
36	1496
54	1658
54	1659
54	1660
54	1661
51	1673
21	1854
21	1855
21	1873
21	1874
14	1896
21	1908
25	1919
51	2034
51	2035
51	2036
51	2037
51	2038
21	2409
21	2415
21	2416
21	2417
21	2418
21	2430
21	2431
29	2473
29	2474
29	2475
71	2491
71	2492
30	2495
30	2496
36	2497
32	184
14	668
14	669
14	670
14	671
14	672
14	673
14	674
14	675
13	1762
13	1763
21	2204
21	2205
21	2206
21	2207
21	2208
21	2209
21	2210
21	2285
21	2286
21	2287
21	2297
21	2298
21	2299
21	2300
21	2301
21	2523
21	2533
21	2534
21	2535
21	2536
21	2537
21	2538
21	2539
47	0
36	1
47	2
47	3
36	4
70	5
14	12
14	13
14	14
37	15
37	20
37	26
14	27
14	28
14	29
14	30
14	31
14	32
14	33
14	34
45	57
14	85
40	114
37	174
14	175
14	176
60	177
60	178
37	179
82	193
81	194
80	195
63	204
63	207
63	210
63	211
63	212
63	213
66	214
66	215
66	216
66	217
66	218
66	219
66	220
63	233
63	240
66	241
60	250
60	251
60	252
60	253
60	254
38	255
60	256
60	257
60	258
60	259
60	260
60	261
60	262
5	272
69	273
5	275
5	276
71	277
60	282
1	294
1	299
1	300
1	301
1	302
60	314
60	316
60	317
52	323
37	332
47	337
83	342
67	348
48	349
48	350
48	351
48	352
48	353
48	354
67	355
34	361
34	362
34	363
34	364
34	365
34	366
34	367
66	368
34	372
34	373
34	374
34	375
34	376
48	377
34	378
68	379
68	380
68	381
37	382
37	383
37	384
37	385
55	386
64	391
64	392
64	393
64	394
64	395
64	396
64	397
64	398
64	400
64	401
64	402
64	403
64	405
64	406
64	407
64	408
4	409
4	410
4	411
4	412
27	422
27	425
27	426
27	427
56	428
5	434
64	435
64	440
42	444
42	448
42	449
42	450
51	455
10	458
79	470
49	471
49	472
54	479
54	480
53	482
53	483
2	495
2	496
2	497
4	498
7	503
7	504
7	505
7	506
7	507
75	508
47	523
47	524
51	539
51	540
51	541
11	545
11	546
11	547
11	548
25	550
25	551
25	552
35	553
25	554
25	555
25	556
72	574
72	575
72	576
84	577
7	606
63	607
34	610
34	611
39	613
38	614
38	615
39	616
37	704
37	705
37	720
11	721
37	723
10	724
58	738
58	739
58	740
58	741
58	747
58	753
58	754
58	755
58	758
58	759
58	760
58	766
58	768
27	775
58	776
58	778
58	780
58	781
58	783
58	784
58	789
58	790
58	791
58	792
58	794
58	795
58	796
58	797
58	798
59	806
59	807
59	808
58	816
58	817
58	818
58	819
58	828
58	829
58	830
58	831
58	832
77	838
77	839
77	840
77	841
34	941
13	988
13	989
13	990
13	991
13	992
13	993
13	994
13	995
34	996
13	1000
13	1003
13	1004
13	1005
13	1006
13	1007
13	1008
13	1009
13	1010
2	1011
4	1014
13	1018
13	1024
13	1025
45	1037
45	1038
45	1039
45	1040
45	1041
45	1042
70	1043
45	1052
33	1053
69	1054
45	1055
45	1056
33	1057
69	1058
45	1059
2	1061
2	1062
2	1063
4	1064
0	1118
1	1119
1	1120
30	1122
35	1201
35	1202
0	1226
0	1227
0	1228
0	1229
36	1236
30	1237
36	1238
36	1239
37	1244
37	1245
37	1246
37	1247
34	1404
34	1405
34	1406
11	1420
11	1421
11	1422
11	1423
4	13
4	14
7	32
7	33
7	34
7	35
7	36
7	37
7	38
7	39
30	57
31	58
8	59
8	60
34	85
11	117
11	118
32	182
32	183
21	251
60	325
60	326
60	327
60	328
37	364
69	394
69	395
5	396
5	397
71	398
5	399
37	441
37	442
63	478
63	479
63	480
63	522
63	523
63	524
14	593
14	594
14	595
14	651
14	652
14	653
14	654
37	655
52	839
52	840
21	881
64	1009
64	1010
64	1011
54	1017
75	1018
75	1019
75	1020
2	1136
2	1137
2	1138
10	1162
1	1172
0	1173
30	1174
98	1181
98	1182
98	1183
92	1184
3	1284
3	1315
3	1316
3	1317
59	1461
59	1593
59	1594
59	1595
59	1620
59	1621
59	1622
59	1623
61	1674
61	1675
61	1676
61	1677
61	1678
61	1679
61	1680
13	1755
13	1756
2	1758
21	1859
21	1973
34	1982
69	1983
69	1984
69	1985
69	1986
69	1987
0	2065
0	2066
0	2067
0	2068
37	2100
21	2108
59	2398
59	2399
59	2400
59	2401
14	2402
14	2403
71	2458
71	2459
21	2481
21	2482
60	2507
60	2508
21	2509
21	2510
63	196
63	200
66	221
63	227
60	283
60	284
60	285
1	295
52	324
70	333
47	338
34	356
2	1036
2	1037
2	1038
4	1039
4	1040
57	1075
57	1076
57	1077
57	1078
25	1079
5	1167
5	1168
5	1169
5	1170
5	1171
39	1532
39	1533
58	1565
58	1566
58	1567
21	1810
21	1816
21	1817
21	1818
21	1819
21	1820
21	1839
21	1840
21	1841
21	1842
52	1916
8	1979
8	1980
68	2048
68	2049
68	2050
11	2395
11	2396
11	2397
21	2447
21	2448
48	2487
68	82
68	83
34	84
52	341
5	463
5	464
88	465
29	862
29	863
21	879
21	880
27	904
27	905
27	906
50	1466
63	1490
21	1552
58	1584
58	1589
58	1590
58	1591
58	1592
72	1683
72	1704
61	1705
72	1706
2	1759
14	1897
14	1898
14	1899
14	1900
49	1909
49	1910
49	1911
21	1936
21	1937
21	1938
21	1940
21	1941
21	1942
21	1943
21	1944
21	1945
21	1946
21	1947
21	1948
21	1949
21	1950
21	1951
21	1952
49	1957
49	1958
49	1959
49	1960
50	1999
50	2000
50	2001
50	2002
50	2003
76	2007
6	2008
34	2009
76	2010
76	2011
58	2025
58	2026
58	2027
58	2028
58	2033
21	2121
21	2122
21	2123
21	2124
5	2128
21	2162
21	2163
21	2164
21	2165
21	2211
21	2212
21	2213
21	2214
21	2219
21	2220
21	2221
21	2222
21	2233
21	2241
21	2242
21	2243
21	2244
5	2249
5	2250
5	2251
5	2252
11	2253
11	2254
21	2255
21	2256
21	2257
21	2258
21	2265
21	2274
21	2275
21	2276
21	2338
21	2339
21	2340
21	2341
14	2365
14	2366
14	2367
21	2368
21	2465
21	2466
21	2467
21	2468
21	2469
21	2470
21	2471
21	2472
75	2505
75	2506
2	2531
2	2532
21	2570
21	2571
21	2572
21	2573
21	2855
21	2856
21	2857
21	2858
21	2859
21	2860
21	2861
21	2862
21	2863
21	2869
21	2870
21	2871
21	2872
21	2873
21	2874
21	2875
21	2876
21	2877
21	2878
21	2879
21	2880
21	2881
21	2882
21	2883
21	2884
21	2885
25	2929
58	2931
73	2954
21	2991
21	3004
21	3005
21	3006
21	3007
21	3008
21	3034
21	3035
21	3036
21	3037
21	3038
21	3044
21	3045
21	3046
21	3047
21	3048
21	3058
21	3059
21	3060
21	3061
21	3076
21	3077
21	3078
21	3079
21	3088
21	3089
21	3090
21	3091
21	3092
21	3100
21	3101
21	3102
21	3103
30	73
46	338
46	339
46	340
60	477
27	923
29	924
10	1030
27	1148
69	1180
52	1499
37	1530
58	2030
58	2031
58	2032
58	2043
58	2044
58	2045
58	2046
58	2047
21	2435
21	2436
21	2441
21	2442
31	71
30	72
37	650
43	783
56	784
43	785
43	786
56	787
87	936
25	937
87	938
84	1258
84	1259
75	1260
75	1261
75	1262
44	1654
44	1655
44	1656
21	1821
21	1822
21	1823
21	1824
21	1825
21	1843
21	1844
21	1845
21	1846
21	1847
21	1872
35	2004
35	2005
21	2473
21	2474
21	2620
21	2621
21	2622
21	2623
21	2624
21	2625
21	2626
21	2627
21	2628
21	2629
21	2630
21	2631
21	2632
21	2633
21	2634
21	2635
21	2636
21	2637
21	2638
36	2650
36	2651
36	2652
36	2653
36	2654
36	2655
36	2656
30	2657
31	2658
36	2659
67	2660
67	2661
68	2662
78	2663
78	2664
27	2665
27	2666
27	2667
27	2668
27	2669
21	2700
21	2701
21	2702
21	2703
21	2704
21	2705
21	2706
52	1726
49	1727
52	1728
33	1729
52	1730
21	1794
21	1795
21	1796
21	1797
21	1798
21	1799
21	1826
21	1827
21	1828
21	1829
21	1830
21	1831
21	1832
21	1833
21	1834
21	1853
21	1869
21	1870
21	1871
7	109
7	110
7	111
7	112
7	113
7	114
7	115
14	139
14	140
14	141
14	142
14	143
14	144
14	145
35	162
35	163
35	164
41	432
60	433
60	434
63	452
63	453
34	633
34	634
60	635
60	636
37	637
7	889
7	890
7	891
7	892
21	980
21	981
24	1027
24	1028
24	1029
4	1099
3	1310
3	1311
3	1312
3	1313
37	1515
37	1516
37	1517
37	1518
37	1519
37	1520
37	1521
37	1522
37	1523
37	1524
37	1525
37	1526
37	1527
37	1528
37	1529
61	1681
61	1682
72	1684
43	1685
61	1686
72	1687
72	1688
4	1764
21	1806
21	1807
21	1808
21	1809
14	1888
14	1889
14	1890
14	1891
14	1892
14	1893
14	1894
14	1895
25	1917
25	1918
93	2314
93	2315
14	2404
14	2405
14	2406
14	2407
21	2410
21	2411
21	2412
21	2413
11	2427
29	2428
63	2478
63	2479
69	2480
69	1176
69	1177
69	1178
69	1179
47	1905
47	1906
47	1907
69	1978
52	2502
52	2503
52	2504
24	1059
24	1060
21	1861
21	1862
69	274
60	286
1	303
1	304
1	305
1	306
1	307
1	308
1	309
1	310
52	318
47	339
47	340
47	341
51	457
44	528
44	529
33	559
33	561
33	562
38	697
38	698
60	699
38	700
60	701
60	702
60	703
37	706
37	707
37	708
37	709
37	710
37	711
37	712
37	713
37	714
37	715
37	716
37	717
37	718
37	719
58	782
58	812
58	813
58	814
51	842
51	859
51	860
51	861
51	862
51	863
51	864
65	865
65	866
65	867
65	868
85	935
72	936
72	937
72	938
53	971
34	998
34	999
4	1015
4	1016
4	1017
10	1160
10	1161
10	1163
10	1164
60	474
60	475
60	476
57	1144
57	1145
57	1146
57	1147
58	1569
58	1570
58	1571
58	1572
21	2100
21	2278
21	2279
21	2280
21	2541
21	2542
21	2543
21	2544
21	2545
21	2546
21	2547
21	2549
21	2550
21	2553
21	2554
21	2555
21	2556
21	2559
46	404
46	405
46	406
46	407
52	1913
52	1914
52	1915
46	1407
47	1431
58	735
58	736
58	737
33	1127
10	1151
39	1289
39	1290
39	1291
33	1297
33	1298
33	1299
46	1312
46	1313
46	1318
46	1319
33	1330
33	1331
43	1333
43	1334
38	1345
38	1346
38	1347
38	1348
38	1349
38	1350
43	1351
66	243
66	244
63	245
66	246
24	247
66	248
63	249
46	326
46	327
70	334
70	335
37	336
60	344
60	345
66	369
66	370
11	543
11	544
58	767
58	769
58	777
58	785
58	786
58	787
33	1128
33	1129
33	1130
46	1302
46	1303
46	1305
46	1306
46	1315
46	1316
46	1408
46	1409
46	1410
46	1411
11	1418
11	1419
47	1432
47	1433
44	1435
77	1598
77	1599
77	1600
77	1601
68	1263
68	1264
34	1265
0	1493
57	1139
57	1140
57	1141
57	1142
21	2129
21	2130
21	2131
21	2132
21	2133
38	436
60	437
60	438
60	439
55	810
55	811
10	833
87	834
25	849
35	850
35	851
10	894
10	895
10	896
21	1213
21	1214
21	1215
21	1216
34	1535
51	1670
51	1671
51	1672
21	1922
21	1923
21	1924
21	1925
21	1927
21	1928
21	1929
21	1930
21	1931
21	1932
21	1964
21	2145
21	2146
21	2215
21	2216
21	2217
21	2227
21	2288
21	2289
21	2290
21	2291
21	2292
21	2293
21	2294
21	2295
21	2296
21	2305
21	2306
21	2307
21	2308
21	2309
21	2351
21	2352
21	2353
21	2354
21	2369
21	2370
21	2371
21	2372
11	2511
11	2512
21	2707
21	2711
21	2712
21	2713
21	2864
21	2865
2	2866
21	2867
21	2868
21	2886
21	2887
21	2888
21	2889
21	2890
21	2891
66	222
66	223
66	224
66	225
10	414
10	417
67	684
4	685
67	686
4	687
4	688
67	689
4	690
4	691
4	692
67	693
4	694
4	695
4	696
10	725
10	726
35	727
65	943
33	1327
33	1328
21	1393
21	1394
21	1395
99	1876
99	1877
34	1878
99	1879
99	1880
21	2302
21	2303
21	2304
60	6
37	35
14	36
14	37
45	51
37	63
37	70
63	77
14	81
14	93
14	101
14	109
14	110
14	111
14	112
14	113
14	120
14	129
14	138
40	149
14	163
47	170
37	180
14	186
14	187
14	188
14	189
14	190
14	191
14	192
66	228
66	229
37	263
5	268
41	278
41	279
60	280
60	281
45	288
37	311
37	312
37	328
64	390
68	418
51	456
86	571
86	572
86	573
43	578
51	582
10	585
35	590
35	594
54	599
64	1020
64	1021
64	1022
64	1023
36	1235
14	647
14	648
14	649
72	1648
3	1935
21	2310
21	2325
21	2821
21	2822
21	2823
21	2824
21	2825
21	2826
21	2827
21	2828
21	2829
60	2913
54	2924
27	2928
61	2932
56	2936
11	2939
5	2947
54	2953
60	2961
60	2962
60	2963
21	2984
21	2995
21	2996
21	2997
21	3001
21	3016
21	3017
21	3024
21	3039
21	3040
21	3041
21	3042
21	3062
21	3063
21	3064
21	3065
21	3075
21	3084
21	3085
21	3086
21	3087
21	3104
21	3105
21	3106
21	3107
21	3108
21	3109
21	3113
21	3114
57	1159
21	248
21	249
21	250
21	977
21	978
34	1725
21	1920
21	1921
67	2682
67	2683
67	2684
78	2685
78	2686
78	2687
78	2688
78	2689
78	2690
78	2691
63	226
60	287
1	296
36	297
1	298
46	325
58	772
70	2692
34	2693
70	2694
34	2695
70	2696
34	2697
70	2698
34	2699
14	947
34	997
42	1325
47	1426
14	17
14	18
14	19
14	22
14	23
14	24
14	25
66	371
2	1360
2	1364
2	1365
2	1366
39	1372
39	1373
21	1800
21	1801
21	1802
21	1805
21	1850
27	2012
27	2013
27	2014
27	2015
27	2016
21	2578
21	2582
21	2586
21	2590
21	2594
21	2598
21	2599
21	2640
13	1774
13	1775
13	1776
13	1777
13	1778
21	2245
58	1581
58	1582
58	1583
21	2040
21	2041
21	1868
2	2524
21	2525
21	2526
36	2673
36	2674
36	2675
36	2676
36	2677
36	2678
31	2679
31	2680
36	2681
63	197
63	198
63	199
60	945
14	948
14	949
14	950
14	951
68	1140
68	1141
34	1142
14	1254
14	1255
43	1356
43	1357
43	1358
2	1361
2	1362
66	242
60	315
52	517
52	518
58	748
58	749
58	750
66	230
63	231
34	357
7	358
34	359
72	850
61	870
64	997
64	998
64	999
64	1000
4	1096
4	1097
4	1098
34	1881
34	1882
45	2513
45	2514
45	2515
63	201
63	202
63	205
63	206
63	208
63	209
55	453
55	454
7	466
52	502
39	617
34	621
63	622
64	623
62	624
58	625
47	626
27	627
59	628
35	629
58	631
60	632
65	633
14	634
14	635
58	636
12	637
5	638
29	639
61	642
1	643
50	644
34	645
30	646
34	647
58	809
58	820
70	1044
70	1045
70	1046
21	2228
21	2229
21	2230
21	2231
21	2232
25	2376
68	2379
94	2819
94	2820
21	3002
21	3003
21	3015
21	3043
21	2548
21	2551
21	2552
93	2670
93	2671
93	2672
21	2557
21	2558
21	2560
21	2564
58	651
65	652
10	654
57	657
47	155
46	319
46	320
46	321
46	322
14	21
37	41
37	42
37	43
37	44
37	45
37	46
37	47
37	48
37	49
37	50
37	71
37	72
37	73
37	74
37	75
37	76
38	86
38	87
38	88
38	89
14	90
14	91
14	92
11	722
58	827
40	1278
33	1281
33	1282
71	2485
71	2486
51	843
51	844
51	845
51	846
51	847
51	848
78	888
78	889
78	890
78	891
85	1644
72	1645
72	1646
72	1647
11	1939
100	2281
11	2282
11	2283
11	2284
21	2360
58	1585
58	1586
58	1587
63	78
63	79
63	80
38	139
38	140
38	145
38	146
14	147
14	148
37	264
37	265
37	266
37	267
37	313
57	579
57	580
57	581
10	586
10	587
10	588
10	589
35	591
25	728
25	729
35	730
35	731
13	1001
13	1002
2	1012
2	1013
57	1063
57	1064
57	1065
57	1066
57	1067
58	2022
58	2023
58	2024
40	1279
38	578
38	579
38	580
38	581
14	582
14	583
14	584
14	16
21	2266
21	2267
21	2268
21	2269
21	2319
21	2320
21	2321
21	2322
21	2323
21	1913
21	1914
21	1915
75	2117
75	2118
75	2119
75	2120
1	417
1	418
1	419
1	420
1	421
1	424
11	825
21	1848
21	1849
39	64
25	531
35	532
38	59
33	60
38	61
45	62
14	130
14	131
14	132
14	133
14	134
63	473
33	474
33	475
63	476
25	592
35	593
64	399
43	429
56	430
43	431
43	432
57	489
57	490
57	491
57	492
57	493
4	648
21	2583
21	2584
21	2585
21	2600
21	2601
21	2345
21	2361
21	2362
21	2363
21	2364
21	3010
21	3011
21	3012
21	3013
21	3014
21	3018
21	3025
21	3026
21	3027
21	3028
21	3069
21	3070
21	3071
21	3073
21	3074
21	3080
21	3081
21	3082
21	3083
21	3093
21	3094
21	3095
21	3096
21	3097
21	3119
21	3120
21	3121
21	3122
21	3123
21	3124
21	3125
21	3126
21	3130
34	181
34	182
60	183
60	184
37	185
55	387
55	388
55	389
29	513
44	526
44	527
14	156
38	157
38	158
14	159
33	160
10	459
10	460
10	461
21	1389
21	1441
2	1368
57	583
57	584
57	1160
21	2579
21	2580
21	2581
21	2587
21	2588
21	2589
21	2591
21	2592
21	2593
21	2595
21	2596
21	2597
21	2641
21	2642
21	2521
21	2522
13	1771
13	1772
13	1773
21	2246
21	2247
21	2248
57	1161
87	415
10	416
7	468
5	1391
14	38
14	39
24	40
38	102
38	103
38	104
38	105
14	106
14	107
14	108
40	115
40	116
40	117
40	118
14	119
14	164
14	165
14	166
14	167
14	168
14	169
33	289
38	290
33	291
38	292
45	293
58	756
58	757
45	52
45	53
45	54
45	55
47	161
14	162
5	269
5	270
88	271
0	329
0	330
14	331
42	445
52	519
21	2201
21	2311
21	2312
21	2313
21	2316
25	2377
25	2378
77	2906
37	2907
29	2910
100	2912
86	2927
13	2930
7	2933
2	2934
61	2946
52	2951
2	2985
2	2986
2	2987
2	2988
21	2237
21	2238
21	2239
21	2240
67	2716
78	2717
78	2718
78	2719
56	2720
78	2721
21	2722
56	2723
67	2724
56	2725
56	2726
97	2727
56	2728
56	2729
56	2730
56	2731
2	1369
2	1370
60	347
21	2540
21	2561
21	2562
21	2563
21	2643
21	2644
21	2645
21	2646
21	2647
60	7
21	1803
21	1804
21	2085
60	1988
60	1989
60	1990
60	1991
60	1992
21	2326
21	2327
21	2328
56	2732
21	2892
21	2893
5	2956
5	2957
47	172
70	173
27	423
27	424
33	485
33	486
33	487
33	488
35	533
4	564
4	565
4	566
58	815
39	65
39	66
39	67
37	68
34	69
38	121
38	122
38	123
14	124
14	125
14	126
14	127
14	128
52	520
14	135
14	136
14	137
21	2138
21	2169
21	2566
21	2568
21	2574
21	2575
21	2576
21	2577
21	1779
21	1789
21	2381
21	2384
21	2104
21	2105
14	150
34	360
57	618
57	619
24	1026
24	1030
21	1437
21	1438
21	1444
21	1445
21	1446
21	1447
21	1448
21	1449
21	1450
21	1451
21	1452
21	1453
35	557
21	1380
21	1381
21	1382
21	1384
21	1386
21	1387
21	1388
21	1970
21	1971
21	1972
21	2074
21	2075
21	2076
35	534
21	2342
21	2343
21	2344
21	2423
21	2424
21	2425
21	1961
21	1962
21	1963
21	2709
21	2710
21	2740
21	2741
21	2830
21	2831
21	2832
21	2833
67	2909
43	2920
87	2921
54	2922
54	2923
12	2937
56	2952
100	2958
100	2959
100	2960
54	2969
54	2970
21	1926
4	1953
4	1954
4	1955
4	1956
60	2140
60	2141
60	2142
60	2143
60	2144
60	2147
21	2277
54	2810
71	2811
54	2812
54	2813
50	2814
21	2815
21	2816
21	2817
21	2012
11	509
89	510
75	511
21	1540
21	1543
21	1544
21	1549
21	1556
21	1780
21	1781
21	1784
21	1786
21	1787
21	1790
21	1791
21	1792
21	1793
21	2154
21	2157
21	2159
21	2161
21	2167
21	2168
21	2174
21	2188
21	2189
21	2190
21	2191
21	2192
21	2193
21	2194
21	2195
21	2196
21	2200
21	2380
21	2382
21	2383
21	2386
21	2387
21	2389
21	2390
21	2391
60	171
4	567
59	805
51	875
51	876
51	877
21	1005
21	1006
25	595
35	596
25	597
35	598
38	94
38	95
38	96
38	97
14	98
14	99
14	100
21	1864
21	1865
21	1866
21	1867
52	2908
49	2911
49	2925
56	2926
98	2935
71	2938
14	2940
60	2941
52	2942
88	2943
91	2944
91	2945
60	2948
76	2949
60	2950
21	2955
43	2964
43	2965
43	2966
54	2967
54	2968
13	2975
13	2976
58	2977
58	2978
7	2981
7	2982
7	2983
21	2998
21	2999
21	3000
21	3009
21	3019
21	3029
21	3030
21	3031
21	3032
21	3033
21	3049
21	3050
21	3051
21	3052
21	3053
21	3054
21	3055
21	3056
21	3057
21	3066
21	3067
21	3068
21	3072
21	3098
21	3099
21	3115
21	3116
21	3117
21	3118
21	3127
21	3128
21	3129
76	3132
76	3133
76	3134
11	3135
91	3136
11	3137
11	3138
88	3143
88	3144
91	3150
91	3152
21	3156
60	3159
60	3160
60	3161
21	2182
14	82
14	83
14	84
21	2183
21	2184
21	2185
21	2186
21	2187
34	2733
34	2734
34	2735
56	2736
56	2737
56	2738
56	2739
47	2753
21	2834
21	2835
21	2836
21	2837
21	2838
21	2839
21	2840
21	2234
71	3145
71	3146
33	58
21	1392
21	991
21	992
21	993
21	994
21	995
42	447
66	505
66	506
66	507
63	508
63	509
34	553
82	554
80	555
81	556
48	557
14	603
14	604
14	605
14	606
14	607
14	608
14	609
14	610
21	611
37	646
44	856
44	857
21	858
58	1625
58	1626
58	1627
27	1628
42	446
90	1138
64	441
64	442
64	443
21	1550
21	1551
21	2992
21	2993
21	2994
21	2065
21	2066
21	2067
21	2136
21	2137
21	2170
21	2171
21	2172
21	2173
43	640
29	641
21	2355
21	2356
21	2357
21	2358
21	2359
21	3151
21	3157
21	3158
21	2520
21	2175
21	2270
21	1965
21	1966
21	1967
21	1968
21	2156
21	1397
21	1851
21	1852
3	1933
3	1934
21	1783
21	1785
21	2155
21	220
54	600
54	601
54	602
39	620
52	521
27	1111
3	1379
21	1383
21	1385
21	2051
21	2052
21	1256
21	1257
14	151
14	152
14	153
14	154
21	475
21	476
21	1969
21	1997
21	1998
21	2262
21	2263
21	2264
21	3139
21	3140
21	3141
21	3142
21	2218
21	2223
21	2224
21	2225
21	2226
21	2841
21	2842
21	2843
21	2844
21	2845
21	2846
21	2847
21	2848
21	2849
21	2850
21	2851
21	2894
21	2895
21	2896
21	2897
21	2898
21	2899
21	2900
21	2901
2	2902
21	2903
21	2904
21	2905
21	2567
21	2569
25	2329
5	1390
21	2602
21	2603
21	2604
21	2605
21	2606
21	2607
21	2608
21	2609
21	2610
21	2611
21	2612
21	2613
21	2614
21	2615
21	2616
21	2617
21	2618
21	2619
21	2648
21	2649
21	2202
21	2203
21	1909
21	1910
21	1911
21	2235
21	2236
38	2330
25	2331
21	2346
21	2347
21	2348
21	2349
21	2350
14	2754
101	2755
21	2756
45	2757
14	2784
14	2785
60	2786
21	2818
21	2852
21	2853
21	2854
21	2914
21	2915
21	2916
21	2917
21	2918
21	2919
21	1398
21	2030
21	2031
21	2032
72	939
5	1442
21	2086
21	2087
21	2088
21	2089
91	3153
91	3154
91	3155
21	2081
21	2082
21	2083
21	2091
21	787
21	2026
87	419
25	420
87	421
21	2324
21	2078
21	2079
34	612
34	81
63	451
34	533
34	535
34	536
34	537
34	538
21	539
21	2022
21	2023
21	2024
54	603
54	604
21	1440
21	1541
21	1542
21	1545
21	1546
21	1547
21	1548
21	1553
21	1554
21	1555
21	1557
21	1558
21	1559
21	1782
21	1788
21	1974
21	1975
21	1976
21	1977
21	2148
21	2149
21	2150
21	2151
21	2152
21	2153
21	2158
21	2160
21	2197
21	2198
21	2199
21	2385
21	2388
21	2426
21	2449
21	2450
21	2464
21	875
21	876
47	619
37	677
37	678
37	679
37	680
37	681
37	682
37	683
37	684
37	685
37	686
26	1884
25	1887
27	46
47	334
47	335
47	336
21	337
34	1724
21	2460
21	2565
52	2639
21	2708
21	2714
21	2715
21	2742
21	2743
21	2744
21	2745
21	2746
21	2747
21	2748
21	2749
21	2750
21	2751
21	2752
21	2758
21	2759
21	2760
21	2761
21	2762
21	2763
21	2764
21	2765
21	2766
21	2767
21	2768
21	2769
21	2770
21	2771
21	2772
21	2773
21	2774
21	2775
21	2776
21	2777
21	2778
21	2779
21	2780
21	2781
21	2782
21	2783
21	2787
21	2788
21	2789
21	2790
21	2791
21	2792
21	2793
21	2794
21	2795
21	2796
21	2797
21	2798
21	2799
21	2800
21	2801
21	2802
21	2803
21	2804
21	2805
21	2806
21	2807
21	2808
21	2809
21	1917
21	1918
21	2013
21	2014
21	2015
11	2139
21	2140
21	2141
21	2142
21	2143
21	2147
21	2373
21	2374
21	2375
54	2971
54	2972
37	3147
37	3148
37	3149
21	2461
49	2973
49	2974
61	2979
61	2980
49	3110
49	3111
49	3112
49	3131
21	2332
21	2333
21	2334
21	2335
21	2336
21	2337
14	2989
14	2990
68	630
21	9
21	56
21	3020
21	3021
21	3022
21	3023
51	878
21	2176
21	2177
21	2178
21	2179
21	2180
21	2181
21	2271
21	2272
21	2273
21	2034
21	2035
21	2036
21	2037
21	2038
3	22
3	23
2	24
2	25
21	26
1	422
1	423
26	1885
25	1886
63	203
21	2004
21	2005
21	453
21	454
21	2043
21	2044
21	2045
21	2166
21	2259
21	2260
21	2261
