51	27
126	12
127	12
128	12
129	12
130	12
170	5
171	6
172	6
173	5
174	4
175	4
176	4
177	4
199	0
200	0
201	0
202	0
203	0
204	0
218	37
219	37
220	37
221	37
222	37
223	21
224	21
225	21
226	21
227	21
228	21
229	21
230	21
238	14
365	1
366	36
367	1
368	1
444	0
445	0
446	14
447	37
454	63
473	47
558	33
559	38
560	33
561	38
562	45
563	45
726	39
727	39
728	39
729	39
730	37
731	34
732	37
819	11
820	11
821	11
830	53
831	53
832	53
835	10
875	35
876	35
877	25
878	35
909	42
910	42
911	42
925	27
979	21
990	64
1001	64
1005	4
1031	57
1032	57
1033	57
1034	57
1035	57
1119	59
1120	11
1121	11
1122	11
1123	11
1124	11
1125	69
1126	69
1127	69
1128	69
1129	69
1130	69
1131	69
1132	24
1133	24
1134	24
1135	46
1154	70
1155	24
1156	70
1157	70
1158	70
1175	0
1265	5
1266	5
1267	6
1268	6
1269	5
1270	5
1282	69
1295	0
1296	91
1297	91
1298	5
1299	5
1300	5
1318	3
1350	21
1368	21
1369	21
1370	21
1432	57
1433	57
1434	57
1435	34
1467	42
1469	29
1470	12
1471	67
1472	32
1473	71
1475	92
1476	59
1477	29
1481	21
1489	93
1491	34
1494	11
1531	94
1534	39
1537	34
1538	34
1539	34
1560	58
1561	58
1562	58
1563	27
1573	58
1588	58
1596	58
1597	58
1607	77
1608	77
1609	77
1610	58
1615	58
1616	58
1617	58
1618	58
1619	58
1629	58
1630	58
1631	58
1632	58
1633	58
1640	65
1641	65
1642	65
1643	65
1649	78
1650	78
1651	78
1652	78
1653	78
1657	44
1663	51
1664	51
1665	51
1666	51
1667	51
1668	51
1669	51
1689	4
1690	4
1691	4
1692	4
1693	4
1694	74
1722	65
1751	28
1752	27
1753	13
1761	13
1765	45
1766	45
1767	45
1768	45
1769	45
1770	45
1883	34
1901	14
2006	35
2029	58
2039	51
2051	44
2052	44
2053	44
2054	13
2059	13
2069	33
2070	33
2071	33
2072	33
2073	33
2078	5
2079	5
2080	5
2081	47
2082	47
2083	47
2084	47
2101	0
2102	0
2103	0
2104	27
2105	27
2114	7
2125	21
2408	21
2414	21
2419	21
2420	21
2421	21
2422	21
2429	21
2432	21
2437	21
2438	21
2439	21
2440	21
2443	21
2444	21
2445	21
2446	21
2457	71
2462	59
2463	59
2488	7
2489	7
2490	7
2498	93
2499	93
2516	34
2517	34
47	28
48	27
49	29
50	27
131	5
132	6
133	5
134	5
135	5
212	30
213	36
214	36
245	30
246	31
247	30
342	60
343	60
346	60
361	5
443	37
459	60
460	60
461	60
462	60
466	5
467	38
468	14
469	40
470	47
471	60
472	47
481	63
596	14
597	40
598	40
599	40
600	40
601	14
602	40
656	14
657	14
658	14
659	14
660	14
661	37
788	56
859	25
860	25
861	35
864	29
893	7
932	57
933	57
934	57
935	43
991	64
992	64
993	64
994	64
995	64
996	64
1021	75
1041	11
1042	89
1043	75
1044	75
1080	54
1081	54
1082	54
1083	54
1084	54
1163	24
1164	24
1165	24
1166	34
1217	21
1250	54
1251	54
1252	54
1253	54
1454	10
1456	69
1457	69
1458	69
1459	69
1474	0
1480	34
1497	75
1501	75
1502	4
1503	67
1504	4
1505	4
1506	4
1507	67
1508	4
1509	4
1510	4
1511	67
1512	4
1513	4
1514	67
1578	58
1579	58
1580	58
1611	58
1612	58
1613	58
1614	58
1695	73
1696	4
1697	4
1698	73
1699	73
1714	85
1715	72
1716	72
1717	72
1718	72
1721	65
1723	34
1732	45
1733	45
1734	45
1735	45
1736	45
1737	45
1743	33
1744	69
1745	45
1746	45
1750	70
1754	13
1757	13
1912	49
1996	93
2018	69
2019	69
2020	45
2021	45
2040	26
2041	26
2042	26
2055	13
2056	13
2057	13
2058	13
2085	66
2086	66
2087	66
2088	66
2089	66
2090	66
2091	14
2092	14
2093	14
2094	14
2095	14
2096	14
2097	14
2098	14
2099	14
2107	21
2127	21
2134	21
2135	21
4	2
40	7
74	26
75	26
76	25
77	25
116	7
352	60
353	60
354	60
355	60
356	69
357	69
358	5
359	5
360	71
458	60
639	14
640	14
641	14
642	14
643	14
644	14
645	14
676	37
806	25
807	25
808	25
809	25
838	51
939	68
959	10
960	10
961	10
962	10
963	10
976	21
982	21
1012	64
1013	33
1014	33
1015	63
1016	63
1068	50
1085	95
1086	95
1091	95
1092	4
1093	4
1094	4
1095	4
1115	59
1116	59
1117	59
1118	59
1263	62
1302	5
1303	5
1304	5
1305	5
1352	96
1353	96
1354	96
1355	96
1356	96
1359	21
1360	21
1361	21
1362	21
1455	69
1460	47
1462	60
1464	14
1468	11
1478	93
1484	21
1485	58
1486	69
1487	71
1488	45
1495	42
1498	91
1500	65
1536	34
1574	58
1575	58
1576	58
1577	58
1602	58
1603	58
1604	58
1605	58
1606	58
1624	59
1634	65
1635	65
1636	65
1637	65
1638	65
1639	65
1700	61
1701	61
1702	61
1703	61
1719	34
1720	34
1731	49
1738	46
1739	33
1740	46
1741	33
1742	33
1902	47
1903	47
1904	47
1993	93
1994	93
1995	93
2017	46
2060	2
2061	2
2062	2
2063	2
2064	2
2074	5
2075	5
2076	5
2077	5
2109	21
2110	21
2111	21
2112	21
2113	21
2116	75
2126	21
2317	69
2318	69
2392	47
2393	47
2394	47
2451	12
2452	12
2453	67
2454	67
2455	11
2456	11
2476	93
2477	93
2493	65
2494	65
2500	42
2501	42
2518	91
2519	91
2527	13
2528	13
2529	13
2530	13
435	41
455	60
456	60
457	60
836	51
837	51
953	86
954	86
955	86
983	64
984	64
985	64
986	64
987	64
1055	72
1056	72
1057	84
1058	72
1143	97
1185	35
1186	35
1187	35
1188	35
1283	62
1662	54
1981	8
119	21
329	60
440	60
638	37
812	55
813	55
841	52
897	10
967	35
1087	86
1088	86
1089	86
1090	95
1465	12
1564	58
1568	58
1707	61
1708	61
1709	61
1710	61
1711	61
1712	61
1713	61
1760	2
1811	21
1812	21
1813	21
1814	21
1815	21
1835	21
1836	21
1837	21
1838	21
1856	21
1860	21
1863	21
1875	21
2106	12
2115	21
2433	21
2434	21
10	37
11	37
232	63
234	66
235	66
236	63
237	66
238	66
239	66
404	64
413	10
433	5
436	25
437	25
438	25
439	25
451	55
452	55
462	7
463	7
464	7
465	7
467	7
469	49
477	75
478	54
481	53
484	33
494	4
499	52
500	52
501	52
512	29
514	29
515	57
516	52
522	47
525	44
530	35
535	35
536	25
537	25
538	51
542	11
549	35
563	4
568	7
569	7
570	7
605	63
608	34
609	34
649	34
650	24
653	51
655	68
656	27
659	55
660	10
732	58
733	58
734	58
742	58
743	58
744	58
745	58
746	58
751	58
752	58
761	58
762	58
763	58
764	58
765	58
770	27
771	27
773	58
774	58
779	58
788	58
793	58
799	59
800	59
801	59
802	59
803	59
804	59
810	58
811	58
821	58
822	58
823	58
824	58
825	58
826	58
833	58
834	58
835	77
836	77
837	77
849	72
851	61
852	72
853	65
854	65
855	65
856	65
857	65
858	65
869	61
871	61
872	61
873	61
874	51
879	58
880	61
881	61
882	11
883	33
884	26
885	26
886	26
887	78
892	72
893	61
894	61
895	72
896	72
897	43
898	61
899	72
900	61
901	61
902	61
903	61
904	61
905	61
906	61
907	4
908	4
909	4
910	4
911	4
912	44
913	44
914	44
915	44
916	61
917	61
918	61
919	61
920	61
921	61
922	61
923	54
924	54
925	54
926	54
927	54
928	74
929	73
930	73
931	4
932	4
933	73
934	72
940	34
942	65
944	60
946	14
952	39
953	39
954	39
955	41
956	40
957	40
958	33
959	33
960	33
961	33
962	33
963	33
964	33
965	33
966	33
967	38
968	38
969	38
970	53
972	34
973	34
974	34
976	49
977	52
978	49
979	52
980	33
981	52
1019	64
1031	45
1032	45
1033	45
1034	45
1035	45
1036	45
1047	33
1048	46
1049	33
1050	46
1051	33
1060	2
1065	7
1073	4
1076	13
1077	13
1078	13
1079	13
1080	13
1081	13
1082	2
1083	3
1084	3
1085	2
1086	2
1087	2
1088	3
1089	3
1090	2
1091	2
1092	7
1093	7
1094	7
1095	7
1096	7
1097	7
1098	7
1099	7
1100	7
1101	27
1102	28
1103	27
1104	29
1105	27
1106	27
1107	28
1108	27
1109	29
1110	27
1112	10
1113	10
1114	10
1115	10
1116	10
1117	0
1121	8
1123	31
1124	8
1125	9
1126	33
1131	30
1132	31
1133	30
1134	25
1135	26
1136	26
1137	25
1139	34
1143	34
1147	10
1148	10
1149	10
1150	10
1152	10
1153	10
1154	10
1155	10
1156	10
1157	10
1158	10
1159	10
1165	7
1166	7
1167	7
1168	7
1169	7
1170	7
1171	7
1172	7
1173	11
1174	11
1175	11
1176	12
1177	12
1178	12
1179	12
1180	12
1186	5
1187	6
1188	5
1189	14
1190	14
1191	14
1192	14
1193	14
1194	14
1195	14
1196	35
1197	35
1198	35
1199	35
1200	35
1203	5
1204	5
1205	6
1206	6
1207	4
1208	4
1209	4
1210	4
1211	32
1214	5
1215	11
1216	6
1217	5
1218	0
1219	0
1220	0
1221	0
1222	0
1223	0
1224	0
1230	5
1231	12
1232	5
1233	36
1240	36
1241	30
1242	36
1243	37
1248	14
1249	14
1250	14
1251	14
1252	14
1253	14
1258	30
1259	30
1260	31
1261	30
1262	34
1266	45
1267	45
1268	45
1269	38
1270	38
1273	33
1277	40
1280	33
1283	40
1286	40
1287	38
1288	39
1292	39
1293	39
1294	39
1295	39
1296	33
1300	48
1301	46
1304	46
1307	46
1311	46
1314	46
1317	46
1320	42
1321	38
1322	42
1323	42
1324	38
1326	33
1329	33
1332	43
1335	33
1336	33
1339	39
1340	39
1341	39
1342	38
1343	39
1344	43
1352	39
1353	39
1354	39
1355	43
1359	2
1363	2
1367	2
1371	39
1374	38
1399	76
1400	76
1401	6
1402	34
1403	76
1412	14
1413	14
1414	14
1415	14
1416	14
1417	11
1427	1
1434	44
1436	21
1439	21
1747	70
1748	70
1749	70
1857	21
1858	21
2483	58
2484	58
982	49
983	52
984	49
985	52
986	33
987	52
1066	7
1067	7
1068	7
1069	7
1070	7
1071	7
1072	7
1074	4
1075	4
1144	68
1145	68
1146	34
1181	5
1182	5
1183	6
1184	5
1185	5
1212	32
1213	32
1225	0
1234	30
1271	38
1272	38
1274	33
1275	33
1276	33
1284	40
1285	40
1308	46
1309	46
1310	46
1337	33
1338	33
1375	38
1376	38
1377	38
1378	38
1396	21
1424	47
1425	47
1428	0
1429	1
1430	1
1443	21
0	2
1	2
2	2
3	4
15	4
165	35
231	14
232	14
233	14
234	14
235	14
236	14
237	14
408	52
585	14
846	54
847	54
848	54
852	35
964	35
965	25
966	35
973	21
974	21
975	21
988	64
989	64
1002	4
1003	4
1004	4
1006	5
1007	64
1008	5
1149	29
1150	29
1151	29
1152	43
1153	29
1264	0
1463	14
1479	47
1482	27
1483	48
1492	71
1496	36
1658	54
1659	54
1660	54
1661	54
1673	51
1854	21
1855	21
1873	21
1874	21
1896	14
1908	21
1919	25
2034	51
2035	51
2036	51
2037	51
2038	51
2409	21
2415	21
2416	21
2417	21
2418	21
2430	21
2431	21
2473	29
2474	29
2475	29
2491	71
2492	71
2495	30
2496	30
2497	36
184	32
668	14
669	14
670	14
671	14
672	14
673	14
674	14
675	14
1762	13
1763	13
2204	21
2205	21
2206	21
2207	21
2208	21
2209	21
2210	21
2285	21
2286	21
2287	21
2297	21
2298	21
2299	21
2300	21
2301	21
2523	21
2533	21
2534	21
2535	21
2536	21
2537	21
2538	21
2539	21
0	47
1	36
2	47
3	47
4	36
5	70
12	14
13	14
14	14
15	37
20	37
26	37
27	14
28	14
29	14
30	14
31	14
32	14
33	14
34	14
57	45
85	14
114	40
174	37
175	14
176	14
177	60
178	60
179	37
193	82
194	81
195	80
204	63
207	63
210	63
211	63
212	63
213	63
214	66
215	66
216	66
217	66
218	66
219	66
220	66
233	63
240	63
241	66
250	60
251	60
252	60
253	60
254	60
255	38
256	60
257	60
258	60
259	60
260	60
261	60
262	60
272	5
273	69
275	5
276	5
277	71
282	60
294	1
299	1
300	1
301	1
302	1
314	60
316	60
317	60
323	52
332	37
337	47
342	83
348	67
349	48
350	48
351	48
352	48
353	48
354	48
355	67
361	34
362	34
363	34
364	34
365	34
366	34
367	34
368	66
372	34
373	34
374	34
375	34
376	34
377	48
378	34
379	68
380	68
381	68
382	37
383	37
384	37
385	37
386	55
391	64
392	64
393	64
394	64
395	64
396	64
397	64
398	64
400	64
401	64
402	64
403	64
405	64
406	64
407	64
408	64
409	4
410	4
411	4
412	4
422	27
425	27
426	27
427	27
428	56
434	5
435	64
440	64
444	42
448	42
449	42
450	42
455	51
458	10
470	79
471	49
472	49
479	54
480	54
482	53
483	53
495	2
496	2
497	2
498	4
503	7
504	7
505	7
506	7
507	7
508	75
523	47
524	47
539	51
540	51
541	51
545	11
546	11
547	11
548	11
550	25
551	25
552	25
553	35
554	25
555	25
556	25
574	72
575	72
576	72
577	84
606	7
607	63
610	34
611	34
613	39
614	38
615	38
616	39
704	37
705	37
720	37
721	11
723	37
724	10
738	58
739	58
740	58
741	58
747	58
753	58
754	58
755	58
758	58
759	58
760	58
766	58
768	58
775	27
776	58
778	58
780	58
781	58
783	58
784	58
789	58
790	58
791	58
792	58
794	58
795	58
796	58
797	58
798	58
806	59
807	59
808	59
816	58
817	58
818	58
819	58
828	58
829	58
830	58
831	58
832	58
838	77
839	77
840	77
841	77
941	34
988	13
989	13
990	13
991	13
992	13
993	13
994	13
995	13
996	34
1000	13
1003	13
1004	13
1005	13
1006	13
1007	13
1008	13
1009	13
1010	13
1011	2
1014	4
1018	13
1024	13
1025	13
1037	45
1038	45
1039	45
1040	45
1041	45
1042	45
1043	70
1052	45
1053	33
1054	69
1055	45
1056	45
1057	33
1058	69
1059	45
1061	2
1062	2
1063	2
1064	4
1118	0
1119	1
1120	1
1122	30
1201	35
1202	35
1226	0
1227	0
1228	0
1229	0
1236	36
1237	30
1238	36
1239	36
1244	37
1245	37
1246	37
1247	37
1404	34
1405	34
1406	34
1420	11
1421	11
1422	11
1423	11
13	4
14	4
32	7
33	7
34	7
35	7
36	7
37	7
38	7
39	7
57	30
58	31
59	8
60	8
85	34
117	11
118	11
182	32
183	32
251	21
325	60
326	60
327	60
328	60
364	37
394	69
395	69
396	5
397	5
398	71
399	5
441	37
442	37
478	63
479	63
480	63
522	63
523	63
524	63
593	14
594	14
595	14
651	14
652	14
653	14
654	14
655	37
839	52
840	52
881	21
1009	64
1010	64
1011	64
1017	54
1018	75
1019	75
1020	75
1136	2
1137	2
1138	2
1162	10
1172	1
1173	0
1174	30
1181	98
1182	98
1183	98
1184	92
1284	3
1315	3
1316	3
1317	3
1461	59
1593	59
1594	59
1595	59
1620	59
1621	59
1622	59
1623	59
1674	61
1675	61
1676	61
1677	61
1678	61
1679	61
1680	61
1755	13
1756	13
1758	2
1859	21
1973	21
1982	34
1983	69
1984	69
1985	69
1986	69
1987	69
2065	0
2066	0
2067	0
2068	0
2100	37
2108	21
2398	59
2399	59
2400	59
2401	59
2402	14
2403	14
2458	71
2459	71
2481	21
2482	21
2507	60
2508	60
2509	21
2510	21
196	63
200	63
221	66
227	63
283	60
284	60
285	60
295	1
324	52
333	70
338	47
356	34
1036	2
1037	2
1038	2
1039	4
1040	4
1075	57
1076	57
1077	57
1078	57
1079	25
1167	5
1168	5
1169	5
1170	5
1171	5
1532	39
1533	39
1565	58
1566	58
1567	58
1810	21
1816	21
1817	21
1818	21
1819	21
1820	21
1839	21
1840	21
1841	21
1842	21
1916	52
1979	8
1980	8
2048	68
2049	68
2050	68
2395	11
2396	11
2397	11
2447	21
2448	21
2487	48
82	68
83	68
84	34
341	52
463	5
464	5
465	88
862	29
863	29
879	21
880	21
904	27
905	27
906	27
1466	50
1490	63
1552	21
1584	58
1589	58
1590	58
1591	58
1592	58
1683	72
1704	72
1705	61
1706	72
1759	2
1897	14
1898	14
1899	14
1900	14
1909	49
1910	49
1911	49
1936	21
1937	21
1938	21
1940	21
1941	21
1942	21
1943	21
1944	21
1945	21
1946	21
1947	21
1948	21
1949	21
1950	21
1951	21
1952	21
1957	49
1958	49
1959	49
1960	49
1999	50
2000	50
2001	50
2002	50
2003	50
2007	76
2008	6
2009	34
2010	76
2011	76
2025	58
2026	58
2027	58
2028	58
2033	58
2121	21
2122	21
2123	21
2124	21
2128	5
2162	21
2163	21
2164	21
2165	21
2211	21
2212	21
2213	21
2214	21
2219	21
2220	21
2221	21
2222	21
2233	21
2241	21
2242	21
2243	21
2244	21
2249	5
2250	5
2251	5
2252	5
2253	11
2254	11
2255	21
2256	21
2257	21
2258	21
2265	21
2274	21
2275	21
2276	21
2338	21
2339	21
2340	21
2341	21
2365	14
2366	14
2367	14
2368	21
2465	21
2466	21
2467	21
2468	21
2469	21
2470	21
2471	21
2472	21
2505	75
2506	75
2531	2
2532	2
2570	21
2571	21
2572	21
2573	21
2855	21
2856	21
2857	21
2858	21
2859	21
2860	21
2861	21
2862	21
2863	21
2869	21
2870	21
2871	21
2872	21
2873	21
2874	21
2875	21
2876	21
2877	21
2878	21
2879	21
2880	21
2881	21
2882	21
2883	21
2884	21
2885	21
2929	25
2931	58
2954	73
2991	21
3004	21
3005	21
3006	21
3007	21
3008	21
3034	21
3035	21
3036	21
3037	21
3038	21
3044	21
3045	21
3046	21
3047	21
3048	21
3058	21
3059	21
3060	21
3061	21
3076	21
3077	21
3078	21
3079	21
3088	21
3089	21
3090	21
3091	21
3092	21
3100	21
3101	21
3102	21
3103	21
73	30
338	46
339	46
340	46
477	60
923	27
924	29
1030	10
1148	27
1180	69
1499	52
1530	37
2030	58
2031	58
2032	58
2043	58
2044	58
2045	58
2046	58
2047	58
2435	21
2436	21
2441	21
2442	21
71	31
72	30
650	37
783	43
784	56
785	43
786	43
787	56
936	87
937	25
938	87
1258	84
1259	84
1260	75
1261	75
1262	75
1654	44
1655	44
1656	44
1821	21
1822	21
1823	21
1824	21
1825	21
1843	21
1844	21
1845	21
1846	21
1847	21
1872	21
2004	35
2005	35
2473	21
2474	21
2620	21
2621	21
2622	21
2623	21
2624	21
2625	21
2626	21
2627	21
2628	21
2629	21
2630	21
2631	21
2632	21
2633	21
2634	21
2635	21
2636	21
2637	21
2638	21
2650	36
2651	36
2652	36
2653	36
2654	36
2655	36
2656	36
2657	30
2658	31
2659	36
2660	67
2661	67
2662	68
2663	78
2664	78
2665	27
2666	27
2667	27
2668	27
2669	27
2700	21
2701	21
2702	21
2703	21
2704	21
2705	21
2706	21
1726	52
1727	49
1728	52
1729	33
1730	52
1794	21
1795	21
1796	21
1797	21
1798	21
1799	21
1826	21
1827	21
1828	21
1829	21
1830	21
1831	21
1832	21
1833	21
1834	21
1853	21
1869	21
1870	21
1871	21
109	7
110	7
111	7
112	7
113	7
114	7
115	7
139	14
140	14
141	14
142	14
143	14
144	14
145	14
162	35
163	35
164	35
432	41
433	60
434	60
452	63
453	63
633	34
634	34
635	60
636	60
637	37
889	7
890	7
891	7
892	7
980	21
981	21
1027	24
1028	24
1029	24
1099	4
1310	3
1311	3
1312	3
1313	3
1515	37
1516	37
1517	37
1518	37
1519	37
1520	37
1521	37
1522	37
1523	37
1524	37
1525	37
1526	37
1527	37
1528	37
1529	37
1681	61
1682	61
1684	72
1685	43
1686	61
1687	72
1688	72
1764	4
1806	21
1807	21
1808	21
1809	21
1888	14
1889	14
1890	14
1891	14
1892	14
1893	14
1894	14
1895	14
1917	25
1918	25
2314	93
2315	93
2404	14
2405	14
2406	14
2407	14
2410	21
2411	21
2412	21
2413	21
2427	11
2428	29
2478	63
2479	63
2480	69
1176	69
1177	69
1178	69
1179	69
1905	47
1906	47
1907	47
1978	69
2502	52
2503	52
2504	52
1059	24
1060	24
1861	21
1862	21
274	69
286	60
303	1
304	1
305	1
306	1
307	1
308	1
309	1
310	1
318	52
339	47
340	47
341	47
457	51
528	44
529	44
559	33
561	33
562	33
697	38
698	38
699	60
700	38
701	60
702	60
703	60
706	37
707	37
708	37
709	37
710	37
711	37
712	37
713	37
714	37
715	37
716	37
717	37
718	37
719	37
782	58
812	58
813	58
814	58
842	51
859	51
860	51
861	51
862	51
863	51
864	51
865	65
866	65
867	65
868	65
935	85
936	72
937	72
938	72
971	53
998	34
999	34
1015	4
1016	4
1017	4
1160	10
1161	10
1163	10
1164	10
474	60
475	60
476	60
1144	57
1145	57
1146	57
1147	57
1569	58
1570	58
1571	58
1572	58
2100	21
2278	21
2279	21
2280	21
2541	21
2542	21
2543	21
2544	21
2545	21
2546	21
2547	21
2549	21
2550	21
2553	21
2554	21
2555	21
2556	21
2559	21
404	46
405	46
406	46
407	46
1913	52
1914	52
1915	52
1407	46
1431	47
735	58
736	58
737	58
1127	33
1151	10
1289	39
1290	39
1291	39
1297	33
1298	33
1299	33
1312	46
1313	46
1318	46
1319	46
1330	33
1331	33
1333	43
1334	43
1345	38
1346	38
1347	38
1348	38
1349	38
1350	38
1351	43
243	66
244	66
245	63
246	66
247	24
248	66
249	63
326	46
327	46
334	70
335	70
336	37
344	60
345	60
369	66
370	66
543	11
544	11
767	58
769	58
777	58
785	58
786	58
787	58
1128	33
1129	33
1130	33
1302	46
1303	46
1305	46
1306	46
1315	46
1316	46
1408	46
1409	46
1410	46
1411	46
1418	11
1419	11
1432	47
1433	47
1435	44
1598	77
1599	77
1600	77
1601	77
1263	68
1264	68
1265	34
1493	0
1139	57
1140	57
1141	57
1142	57
2129	21
2130	21
2131	21
2132	21
2133	21
436	38
437	60
438	60
439	60
810	55
811	55
833	10
834	87
849	25
850	35
851	35
894	10
895	10
896	10
1213	21
1214	21
1215	21
1216	21
1535	34
1670	51
1671	51
1672	51
1922	21
1923	21
1924	21
1925	21
1927	21
1928	21
1929	21
1930	21
1931	21
1932	21
1964	21
2145	21
2146	21
2215	21
2216	21
2217	21
2227	21
2288	21
2289	21
2290	21
2291	21
2292	21
2293	21
2294	21
2295	21
2296	21
2305	21
2306	21
2307	21
2308	21
2309	21
2351	21
2352	21
2353	21
2354	21
2369	21
2370	21
2371	21
2372	21
2511	11
2512	11
2707	21
2711	21
2712	21
2713	21
2864	21
2865	21
2866	2
2867	21
2868	21
2886	21
2887	21
2888	21
2889	21
2890	21
2891	21
222	66
223	66
224	66
225	66
414	10
417	10
684	67
685	4
686	67
687	4
688	4
689	67
690	4
691	4
692	4
693	67
694	4
695	4
696	4
725	10
726	10
727	35
943	65
1327	33
1328	33
1393	21
1394	21
1395	21
1876	99
1877	99
1878	34
1879	99
1880	99
2302	21
2303	21
2304	21
6	60
35	37
36	14
37	14
51	45
63	37
70	37
77	63
81	14
93	14
101	14
109	14
110	14
111	14
112	14
113	14
120	14
129	14
138	14
149	40
163	14
170	47
180	37
186	14
187	14
188	14
189	14
190	14
191	14
192	14
228	66
229	66
263	37
268	5
278	41
279	41
280	60
281	60
288	45
311	37
312	37
328	37
390	64
418	68
456	51
571	86
572	86
573	86
578	43
582	51
585	10
590	35
594	35
599	54
1020	64
1021	64
1022	64
1023	64
1235	36
647	14
648	14
649	14
1648	72
1935	3
2310	21
2325	21
2821	21
2822	21
2823	21
2824	21
2825	21
2826	21
2827	21
2828	21
2829	21
2913	60
2924	54
2928	27
2932	61
2936	56
2939	11
2947	5
2953	54
2961	60
2962	60
2963	60
2984	21
2995	21
2996	21
2997	21
3001	21
3016	21
3017	21
3024	21
3039	21
3040	21
3041	21
3042	21
3062	21
3063	21
3064	21
3065	21
3075	21
3084	21
3085	21
3086	21
3087	21
3104	21
3105	21
3106	21
3107	21
3108	21
3109	21
3113	21
3114	21
1159	57
248	21
249	21
250	21
977	21
978	21
1725	34
1920	21
1921	21
2682	67
2683	67
2684	67
2685	78
2686	78
2687	78
2688	78
2689	78
2690	78
2691	78
226	63
287	60
296	1
297	36
298	1
325	46
772	58
2692	70
2693	34
2694	70
2695	34
2696	70
2697	34
2698	70
2699	34
947	14
997	34
1325	42
1426	47
17	14
18	14
19	14
22	14
23	14
24	14
25	14
371	66
1360	2
1364	2
1365	2
1366	2
1372	39
1373	39
1800	21
1801	21
1802	21
1805	21
1850	21
2012	27
2013	27
2014	27
2015	27
2016	27
2578	21
2582	21
2586	21
2590	21
2594	21
2598	21
2599	21
2640	21
1774	13
1775	13
1776	13
1777	13
1778	13
2245	21
1581	58
1582	58
1583	58
2040	21
2041	21
1868	21
2524	2
2525	21
2526	21
2673	36
2674	36
2675	36
2676	36
2677	36
2678	36
2679	31
2680	31
2681	36
197	63
198	63
199	63
945	60
948	14
949	14
950	14
951	14
1140	68
1141	68
1142	34
1254	14
1255	14
1356	43
1357	43
1358	43
1361	2
1362	2
242	66
315	60
517	52
518	52
748	58
749	58
750	58
230	66
231	63
357	34
358	7
359	34
850	72
870	61
997	64
998	64
999	64
1000	64
1096	4
1097	4
1098	4
1881	34
1882	34
2513	45
2514	45
2515	45
201	63
202	63
205	63
206	63
208	63
209	63
453	55
454	55
466	7
502	52
617	39
621	34
622	63
623	64
624	62
625	58
626	47
627	27
628	59
629	35
631	58
632	60
633	65
634	14
635	14
636	58
637	12
638	5
639	29
642	61
643	1
644	50
645	34
646	30
647	34
809	58
820	58
1044	70
1045	70
1046	70
2228	21
2229	21
2230	21
2231	21
2232	21
2376	25
2379	68
2819	94
2820	94
3002	21
3003	21
3015	21
3043	21
2548	21
2551	21
2552	21
2670	93
2671	93
2672	93
2557	21
2558	21
2560	21
2564	21
651	58
652	65
654	10
657	57
155	47
319	46
320	46
321	46
322	46
21	14
41	37
42	37
43	37
44	37
45	37
46	37
47	37
48	37
49	37
50	37
71	37
72	37
73	37
74	37
75	37
76	37
86	38
87	38
88	38
89	38
90	14
91	14
92	14
722	11
827	58
1278	40
1281	33
1282	33
2485	71
2486	71
843	51
844	51
845	51
846	51
847	51
848	51
888	78
889	78
890	78
891	78
1644	85
1645	72
1646	72
1647	72
1939	11
2281	100
2282	11
2283	11
2284	11
2360	21
1585	58
1586	58
1587	58
78	63
79	63
80	63
139	38
140	38
145	38
146	38
147	14
148	14
264	37
265	37
266	37
267	37
313	37
579	57
580	57
581	57
586	10
587	10
588	10
589	10
591	35
728	25
729	25
730	35
731	35
1001	13
1002	13
1012	2
1013	2
1063	57
1064	57
1065	57
1066	57
1067	57
2022	58
2023	58
2024	58
1279	40
578	38
579	38
580	38
581	38
582	14
583	14
584	14
16	14
2266	21
2267	21
2268	21
2269	21
2319	21
2320	21
2321	21
2322	21
2323	21
1913	21
1914	21
1915	21
2117	75
2118	75
2119	75
2120	75
417	1
418	1
419	1
420	1
421	1
424	1
825	11
1848	21
1849	21
64	39
531	25
532	35
59	38
60	33
61	38
62	45
130	14
131	14
132	14
133	14
134	14
473	63
474	33
475	33
476	63
592	25
593	35
399	64
429	43
430	56
431	43
432	43
489	57
490	57
491	57
492	57
493	57
648	4
2583	21
2584	21
2585	21
2600	21
2601	21
2345	21
2361	21
2362	21
2363	21
2364	21
3010	21
3011	21
3012	21
3013	21
3014	21
3018	21
3025	21
3026	21
3027	21
3028	21
3069	21
3070	21
3071	21
3073	21
3074	21
3080	21
3081	21
3082	21
3083	21
3093	21
3094	21
3095	21
3096	21
3097	21
3119	21
3120	21
3121	21
3122	21
3123	21
3124	21
3125	21
3126	21
3130	21
181	34
182	34
183	60
184	60
185	37
387	55
388	55
389	55
513	29
526	44
527	44
156	14
157	38
158	38
159	14
160	33
459	10
460	10
461	10
1389	21
1441	21
1368	2
583	57
584	57
1160	57
2579	21
2580	21
2581	21
2587	21
2588	21
2589	21
2591	21
2592	21
2593	21
2595	21
2596	21
2597	21
2641	21
2642	21
2521	21
2522	21
1771	13
1772	13
1773	13
2246	21
2247	21
2248	21
1161	57
415	87
416	10
468	7
1391	5
38	14
39	14
40	24
102	38
103	38
104	38
105	38
106	14
107	14
108	14
115	40
116	40
117	40
118	40
119	14
164	14
165	14
166	14
167	14
168	14
169	14
289	33
290	38
291	33
292	38
293	45
756	58
757	58
52	45
53	45
54	45
55	45
161	47
162	14
269	5
270	5
271	88
329	0
330	0
331	14
445	42
519	52
2201	21
2311	21
2312	21
2313	21
2316	21
2377	25
2378	25
2906	77
2907	37
2910	29
2912	100
2927	86
2930	13
2933	7
2934	2
2946	61
2951	52
2985	2
2986	2
2987	2
2988	2
2237	21
2238	21
2239	21
2240	21
2716	67
2717	78
2718	78
2719	78
2720	56
2721	78
2722	21
2723	56
2724	67
2725	56
2726	56
2727	97
2728	56
2729	56
2730	56
2731	56
1369	2
1370	2
347	60
2540	21
2561	21
2562	21
2563	21
2643	21
2644	21
2645	21
2646	21
2647	21
7	60
1803	21
1804	21
2085	21
1988	60
1989	60
1990	60
1991	60
1992	60
2326	21
2327	21
2328	21
2732	56
2892	21
2893	21
2956	5
2957	5
172	47
173	70
423	27
424	27
485	33
486	33
487	33
488	33
533	35
564	4
565	4
566	4
815	58
65	39
66	39
67	39
68	37
69	34
121	38
122	38
123	38
124	14
125	14
126	14
127	14
128	14
520	52
135	14
136	14
137	14
2138	21
2169	21
2566	21
2568	21
2574	21
2575	21
2576	21
2577	21
1779	21
1789	21
2381	21
2384	21
2104	21
2105	21
150	14
360	34
618	57
619	57
1026	24
1030	24
1437	21
1438	21
1444	21
1445	21
1446	21
1447	21
1448	21
1449	21
1450	21
1451	21
1452	21
1453	21
557	35
1380	21
1381	21
1382	21
1384	21
1386	21
1387	21
1388	21
1970	21
1971	21
1972	21
2074	21
2075	21
2076	21
534	35
2342	21
2343	21
2344	21
2423	21
2424	21
2425	21
1961	21
1962	21
1963	21
2709	21
2710	21
2740	21
2741	21
2830	21
2831	21
2832	21
2833	21
2909	67
2920	43
2921	87
2922	54
2923	54
2937	12
2952	56
2958	100
2959	100
2960	100
2969	54
2970	54
1926	21
1953	4
1954	4
1955	4
1956	4
2140	60
2141	60
2142	60
2143	60
2144	60
2147	60
2277	21
2810	54
2811	71
2812	54
2813	54
2814	50
2815	21
2816	21
2817	21
2012	21
509	11
510	89
511	75
1540	21
1543	21
1544	21
1549	21
1556	21
1780	21
1781	21
1784	21
1786	21
1787	21
1790	21
1791	21
1792	21
1793	21
2154	21
2157	21
2159	21
2161	21
2167	21
2168	21
2174	21
2188	21
2189	21
2190	21
2191	21
2192	21
2193	21
2194	21
2195	21
2196	21
2200	21
2380	21
2382	21
2383	21
2386	21
2387	21
2389	21
2390	21
2391	21
171	60
567	4
805	59
875	51
876	51
877	51
1005	21
1006	21
595	25
596	35
597	25
598	35
94	38
95	38
96	38
97	38
98	14
99	14
100	14
1864	21
1865	21
1866	21
1867	21
2908	52
2911	49
2925	49
2926	56
2935	98
2938	71
2940	14
2941	60
2942	52
2943	88
2944	91
2945	91
2948	60
2949	76
2950	60
2955	21
2964	43
2965	43
2966	43
2967	54
2968	54
2975	13
2976	13
2977	58
2978	58
2981	7
2982	7
2983	7
2998	21
2999	21
3000	21
3009	21
3019	21
3029	21
3030	21
3031	21
3032	21
3033	21
3049	21
3050	21
3051	21
3052	21
3053	21
3054	21
3055	21
3056	21
3057	21
3066	21
3067	21
3068	21
3072	21
3098	21
3099	21
3115	21
3116	21
3117	21
3118	21
3127	21
3128	21
3129	21
3132	76
3133	76
3134	76
3135	11
3136	91
3137	11
3138	11
3143	88
3144	88
3150	91
3152	91
3156	21
3159	60
3160	60
3161	60
2182	21
82	14
83	14
84	14
2183	21
2184	21
2185	21
2186	21
2187	21
2733	34
2734	34
2735	34
2736	56
2737	56
2738	56
2739	56
2753	47
2834	21
2835	21
2836	21
2837	21
2838	21
2839	21
2840	21
2234	21
3145	71
3146	71
58	33
1392	21
991	21
992	21
993	21
994	21
995	21
447	42
505	66
506	66
507	66
508	63
509	63
553	34
554	82
555	80
556	81
557	48
603	14
604	14
605	14
606	14
607	14
608	14
609	14
610	14
611	21
646	37
856	44
857	44
858	21
1625	58
1626	58
1627	58
1628	27
446	42
1138	90
441	64
442	64
443	64
1550	21
1551	21
2992	21
2993	21
2994	21
2065	21
2066	21
2067	21
2136	21
2137	21
2170	21
2171	21
2172	21
2173	21
640	43
641	29
2355	21
2356	21
2357	21
2358	21
2359	21
3151	21
3157	21
3158	21
2520	21
2175	21
2270	21
1965	21
1966	21
1967	21
1968	21
2156	21
1397	21
1851	21
1852	21
1933	3
1934	3
1783	21
1785	21
2155	21
220	21
600	54
601	54
602	54
620	39
521	52
1111	27
1379	3
1383	21
1385	21
2051	21
2052	21
1256	21
1257	21
151	14
152	14
153	14
154	14
475	21
476	21
1969	21
1997	21
1998	21
2262	21
2263	21
2264	21
3139	21
3140	21
3141	21
3142	21
2218	21
2223	21
2224	21
2225	21
2226	21
2841	21
2842	21
2843	21
2844	21
2845	21
2846	21
2847	21
2848	21
2849	21
2850	21
2851	21
2894	21
2895	21
2896	21
2897	21
2898	21
2899	21
2900	21
2901	21
2902	2
2903	21
2904	21
2905	21
2567	21
2569	21
2329	25
1390	5
2602	21
2603	21
2604	21
2605	21
2606	21
2607	21
2608	21
2609	21
2610	21
2611	21
2612	21
2613	21
2614	21
2615	21
2616	21
2617	21
2618	21
2619	21
2648	21
2649	21
2202	21
2203	21
1909	21
1910	21
1911	21
2235	21
2236	21
2330	38
2331	25
2346	21
2347	21
2348	21
2349	21
2350	21
2754	14
2755	101
2756	21
2757	45
2784	14
2785	14
2786	60
2818	21
2852	21
2853	21
2854	21
2914	21
2915	21
2916	21
2917	21
2918	21
2919	21
1398	21
2030	21
2031	21
2032	21
939	72
1442	5
2086	21
2087	21
2088	21
2089	21
3153	91
3154	91
3155	91
2081	21
2082	21
2083	21
2091	21
787	21
2026	21
419	87
420	25
421	87
2324	21
2078	21
2079	21
612	34
81	34
451	63
533	34
535	34
536	34
537	34
538	34
539	21
2022	21
2023	21
2024	21
603	54
604	54
1440	21
1541	21
1542	21
1545	21
1546	21
1547	21
1548	21
1553	21
1554	21
1555	21
1557	21
1558	21
1559	21
1782	21
1788	21
1974	21
1975	21
1976	21
1977	21
2148	21
2149	21
2150	21
2151	21
2152	21
2153	21
2158	21
2160	21
2197	21
2198	21
2199	21
2385	21
2388	21
2426	21
2449	21
2450	21
2464	21
875	21
876	21
619	47
677	37
678	37
679	37
680	37
681	37
682	37
683	37
684	37
685	37
686	37
1884	26
1887	25
46	27
334	47
335	47
336	47
337	21
1724	34
2460	21
2565	21
2639	52
2708	21
2714	21
2715	21
2742	21
2743	21
2744	21
2745	21
2746	21
2747	21
2748	21
2749	21
2750	21
2751	21
2752	21
2758	21
2759	21
2760	21
2761	21
2762	21
2763	21
2764	21
2765	21
2766	21
2767	21
2768	21
2769	21
2770	21
2771	21
2772	21
2773	21
2774	21
2775	21
2776	21
2777	21
2778	21
2779	21
2780	21
2781	21
2782	21
2783	21
2787	21
2788	21
2789	21
2790	21
2791	21
2792	21
2793	21
2794	21
2795	21
2796	21
2797	21
2798	21
2799	21
2800	21
2801	21
2802	21
2803	21
2804	21
2805	21
2806	21
2807	21
2808	21
2809	21
1917	21
1918	21
2013	21
2014	21
2015	21
2139	11
2140	21
2141	21
2142	21
2143	21
2147	21
2373	21
2374	21
2375	21
2971	54
2972	54
3147	37
3148	37
3149	37
2461	21
2973	49
2974	49
2979	61
2980	61
3110	49
3111	49
3112	49
3131	49
2332	21
2333	21
2334	21
2335	21
2336	21
2337	21
2989	14
2990	14
630	68
9	21
56	21
3020	21
3021	21
3022	21
3023	21
878	51
2176	21
2177	21
2178	21
2179	21
2180	21
2181	21
2271	21
2272	21
2273	21
2034	21
2035	21
2036	21
2037	21
2038	21
22	3
23	3
24	2
25	2
26	21
422	1
423	1
1885	26
1886	25
203	63
2004	21
2005	21
453	21
454	21
2043	21
2044	21
2045	21
2166	21
2259	21
2260	21
2261	21
