0 1323
0 684
0 333
0 1185
0 1011
1 1526
1 1598
1 1441
1 151
1 538
2 706
2 66
2 1330
2 1050
2 437
3 233
3 825
3 686
3 75
3 139
4 1020
4 1207
4 686
4 545
4 295
5 38
5 972
5 739
5 1302
5 408
6 1363
6 1328
6 778
6 680
6 1063
7 1132
7 1082
7 1458
7 1234
7 289
8 377
8 673
8 29
8 1604
8 284
9 1230
9 1212
9 1412
9 797
9 1236
10 1562
10 169
10 549
10 1477
10 912
11 56
11 48
11 830
11 1268
11 648
12 1412
12 428
12 828
12 1343
12 1056
13 484
13 272
13 712
13 977
13 1145
14 17
14 617
14 1083
14 174
14 613
15 159
15 439
15 1066
15 647
15 1693
16 1118
16 1409
16 343
16 707
16 1412
17 617
17 518
17 1327
17 1106
17 613
18 782
18 1188
18 1394
18 1590
18 1637
19 677
19 109
19 1174
19 665
19 463
20 1569
20 80
20 139
20 437
20 1277
21 1435
21 151
21 1330
21 380
21 139
22 1477
22 237
22 1657
22 314
22 912
23 345
23 1502
23 1378
23 247
23 106
24 1439
24 1674
24 93
24 947
24 20
25 677
25 1391
25 1174
25 183
25 1554
26 258
26 1412
26 706
26 386
26 1563
27 536
27 1359
27 1204
27 1516
27 1145
28 1338
28 557
28 10
28 1031
28 538
29 634
29 8
29 1393
29 790
29 344
30 1195
30 1283
30 167
30 1486
30 1436
31 1118
31 1257
31 1212
31 332
31 1412
32 382
32 536
32 499
32 727
32 476
33 739
33 1343
33 797
33 1409
33 847
34 829
34 1131
34 115
34 477
34 936
35 1212
35 1118
35 1409
35 1412
35 343
36 811
36 268
36 1102
36 80
36 1277
37 393
37 1578
37 341
37 1152
37 877
38 1595
38 447
38 912
38 1269
38 656
39 1194
39 1053
39 659
39 1454
39 530
40 1160
40 364
40 260
40 709
40 1223
41 1094
41 1302
41 479
41 1582
41 1132
42 516
42 526
42 1526
42 1412
42 1118
43 1554
43 1238
43 1467
43 1539
43 94
44 752
44 1100
44 1195
44 1436
44 1418
45 640
45 1569
45 1068
45 20
45 1212
46 1272
46 1571
46 1440
46 78
46 1563
47 634
47 1044
47 1474
47 1578
47 1065
48 446
48 574
48 56
48 941
48 1486
49 1391
49 1296
49 183
49 677
49 1288
50 549
50 551
50 10
50 1520
50 912
51 1212
51 1118
51 1409
51 332
51 343
52 897
52 1536
52 533
52 481
52 230
53 1676
53 1477
53 1601
53 1082
53 862
54 137
54 685
54 1062
54 1258
54 379
55 1686
55 1224
55 291
55 581
55 1690
56 710
56 845
56 574
56 1195
56 1486
57 649
57 1219
57 536
57 101
57 424
58 1692
58 679
58 1173
58 686
58 151
59 761
59 1277
59 512
59 437
59 80
60 1015
60 1683
60 1485
60 1152
60 1494
61 912
61 656
61 447
61 1479
61 314
62 329
62 709
62 1066
62 260
62 647
63 95
63 443
63 1062
63 834
63 1419
64 609
64 96
64 286
64 425
64 615
65 1118
65 1409
65 1412
65 343
65 1212
66 80
66 686
66 1330
66 1277
66 139
67 918
67 341
67 863
67 37
67 1474
68 1582
68 1083
68 1017
68 613
68 1094
69 901
69 57
69 1349
69 104
69 1200
70 1686
70 668
70 1683
70 1528
70 291
71 371
71 215
71 360
71 1018
71 1538
72 1691
72 522
72 391
72 1526
72 1491
73 1686
73 1247
73 6
73 1224
73 1107
74 364
74 1066
74 709
74 1160
74 1693
75 1272
75 218
75 222
75 862
75 689
76 1549
76 1219
76 1074
76 57
76 467
77 1527
77 808
77 843
77 31
77 1441
78 1269
78 1534
78 912
78 823
78 428
79 810
79 1325
79 584
79 1084
79 1226
80 1569
80 437
80 20
80 139
80 512
81 300
81 950
81 364
81 932
81 375
82 240
82 617
82 613
82 1327
82 17
83 1612
83 1224
83 996
83 1143
83 1555
84 149
84 926
84 1286
84 1095
84 1494
85 706
85 748
85 1412
85 325
85 1632
86 1386
86 858
86 459
86 1498
86 863
87 1547
87 1195
87 836
87 30
87 1243
88 364
88 511
88 950
88 647
88 40
89 437
89 679
89 967
89 1697
89 1396
90 807
90 33
90 1663
90 1636
90 1212
91 1277
91 460
91 20
91 139
91 1251
92 1567
92 228
92 1103
92 727
92 1404
93 735
93 1094
93 613
93 433
93 1083
94 1565
94 1238
94 1467
94 359
94 795
95 615
95 96
95 1566
95 560
95 764
96 615
96 560
96 1566
96 95
96 1536
97 535
97 1103
97 382
97 1411
97 92
98 1637
98 894
98 1590
98 1188
98 1249
99 108
99 998
99 1203
99 1225
99 1652
100 1191
100 454
100 635
100 708
100 1228
101 1359
101 1074
101 1219
101 57
101 435
102 424
102 588
102 446
102 574
102 166
103 193
103 1113
103 494
103 304
103 1201
104 48
104 1283
104 1195
104 588
104 446
105 314
105 53
105 1117
105 1272
105 1601
106 1698
106 1383
106 1685
106 1502
106 247
107 1391
107 183
107 1672
107 665
107 49
108 1412
108 561
108 1146
108 1409
108 1212
109 677
109 1637
109 96
109 1206
109 463
110 333
110 1059
110 877
110 0
110 1635
111 764
111 95
111 615
111 560
111 1493
112 155
112 835
112 782
112 137
112 1394
113 1062
113 1467
113 137
113 1238
113 1539
114 1073
114 96
114 615
114 564
114 95
115 1571
115 686
115 1125
115 1569
115 699
116 1611
116 1203
116 1066
116 74
116 950
117 797
117 1412
117 133
117 153
117 386
118 673
118 1379
118 536
118 1179
118 382
119 707
119 1545
119 89
119 816
119 343
120 1018
120 823
120 878
120 1443
120 1706
121 862
121 1163
121 1070
121 1105
121 881
122 1680
122 207
122 80
122 1141
122 538
123 1352
123 1569
123 706
123 1277
123 512
124 567
124 167
124 311
124 1483
124 634
125 1602
125 445
125 499
125 1627
125 891
126 700
126 1277
126 797
126 80
126 987
127 1363
127 1635
127 1328
127 623
127 594
128 1613
128 1015
128 211
128 393
128 787
129 1113
129 1075
129 232
129 1404
129 1270
130 1152
130 1010
130 1508
130 1683
130 1143
131 425
131 302
131 1419
131 1281
131 96
132 360
132 71
132 371
132 880
132 292
133 601
133 1448
133 223
133 610
133 613
134 512
134 576
134 928
134 939
134 245
135 401
135 1221
135 937
135 512
135 437
136 834
136 443
136 1206
136 1296
136 1553
137 1062
137 443
137 725
137 685
137 1489
138 1124
138 429
138 409
138 31
138 400
139 1569
139 80
139 20
139 1277
139 1330
140 1547
140 1145
140 182
140 445
140 536
141 1412
141 1327
141 20
141 509
141 1617
142 891
142 1098
142 831
142 239
142 1583
143 310
143 1282
143 1210
143 435
143 1486
144 739
144 1477
144 963
144 219
144 447
145 83
145 290
145 1224
145 417
145 284
146 1535
146 1657
146 823
146 242
146 970
147 1092
147 1057
147 1084
147 1461
147 991
148 1382
148 464
148 1444
148 1264
148 1222
149 1095
149 926
149 1452
149 1286
149 1494
150 967
150 1260
150 686
150 80
150 700
151 258
151 1601
151 1272
151 1676
151 957
152 1448
152 880
152 338
152 1099
152 433
153 1409
153 1412
153 343
153 1118
153 210
154 684
154 1185
154 625
154 1363
154 648
155 1394
155 481
155 720
155 782
155 450
156 53
156 1706
156 78
156 1051
156 1534
157 585
157 55
157 1533
157 417
157 382
158 785
158 196
158 1077
158 444
158 1006
159 1160
159 1339
159 1158
159 439
159 731
160 1247
160 1533
160 1686
160 1555
160 914
161 341
161 1265
161 423
161 814
161 537
162 1109
162 1185
162 530
162 110
162 627
163 991
163 1243
163 435
163 1393
163 1486
164 1598
164 1212
164 82
164 1327
164 514
165 811
165 1693
165 362
165 1443
165 512
166 102
166 424
166 710
166 503
166 1201
167 1195
167 124
167 311
167 1432
167 30
168 1637
168 841
168 1394
168 924
168 155
169 1562
169 237
169 698
169 10
169 1677
170 214
170 1687
170 869
170 1617
170 1664
171 1409
171 332
171 1642
171 797
171 1118
172 1233
172 1596
172 1383
172 657
172 645
173 1296
173 252
173 677
173 1391
173 443
174 540
174 258
174 1412
174 802
174 1154
175 607
175 70
175 1661
175 1103
175 1485
176 1665
176 1255
176 1021
176 1569
176 437
177 1443
177 611
177 1676
177 402
177 1039
178 1416
178 1435
178 383
178 399
178 1052
179 1425
179 1626
179 658
179 603
179 1419
180 1644
180 311
180 1393
180 1357
180 566
181 566
181 1604
181 311
181 56
181 574
182 1123
182 378
182 981
182 1488
182 1179
183 1391
183 665
183 107
183 1593
183 49
184 1062
184 894
184 1394
184 782
184 720
185 700
185 686
185 400
185 1158
185 332
186 1269
186 1535
186 1317
186 1155
186 33
187 1010
187 1698
187 680
187 235
187 1326
188 680
188 1208
188 243
188 810
188 368
189 427
189 70
189 1103
189 1567
189 1067
190 561
190 80
190 1330
190 722
190 1412
191 362
191 1102
191 1203
191 1705
191 811
192 981
192 1488
192 1549
192 600
192 476
193 958
193 1113
193 1404
193 70
193 1589
194 1010
194 243
194 778
194 1683
194 83
195 1128
195 810
195 783
195 1041
195 931
196 858
196 1006
196 284
196 1488
196 1240
197 1486
197 1041
197 1481
197 1560
197 786
198 791
198 1214
198 1525
198 1527
198 1344
199 680
199 810
199 1010
199 321
199 1226
200 1583
200 1483
200 284
200 1038
200 311
201 1406
201 538
201 386
201 1617
201 576
202 377
202 673
202 8
202 475
202 1240
203 1569
203 460
203 1277
203 437
203 1068
204 1042
204 1454
204 1084
204 1072
204 842
205 873
205 1538
205 1132
205 880
205 773
206 314
206 1601
206 1182
206 1301
206 1056
207 315
207 1409
207 122
207 1412
207 1680
208 1409
208 1118
208 1257
208 1213
208 1541
209 244
209 592
209 440
209 1173
209 1
210 1118
210 1409
210 332
210 343
210 797
211 1578
211 1418
211 1575
211 729
211 1474
212 1277
212 879
212 80
212 26
212 470
213 1394
213 559
213 1181
213 1062
213 720
214 1409
214 1212
214 1412
214 332
214 343
215 371
215 1017
215 610
215 1094
215 360
216 134
216 245
216 928
216 1175
216 1646
217 823
217 1254
217 1657
217 742
217 912
218 75
218 797
218 1409
218 1412
218 1118
219 144
219 437
219 797
219 121
219 748
220 1474
220 341
220 37
220 1209
220 653
221 880
221 61
221 547
221 373
221 385
222 1146
222 75
222 689
222 1564
222 748
223 1368
223 1487
223 617
223 613
223 880
224 1430
224 1128
224 904
224 1320
224 625
225 96
225 1536
225 897
225 615
225 560
226 80
226 20
226 437
226 1352
226 74
227 1572
227 438
227 566
227 1374
227 211
228 275
228 1404
228 92
228 1113
228 1459
229 576
229 1389
229 80
229 1457
229 139
230 1554
230 500
230 1238
230 406
230 1668
231 836
231 975
231 530
231 1485
231 588
232 1075
232 1404
232 1113
232 129
232 1270
233 1118
233 1417
233 400
233 218
233 3
234 1388
234 769
234 845
234 102
234 1025
235 734
235 1328
235 187
235 1635
235 243
236 493
236 1377
236 48
236 991
236 124
237 1477
237 1496
237 912
237 169
237 314
238 755
238 1349
238 1084
238 1041
238 1510
239 284
239 273
239 448
239 552
239 1108
240 360
240 613
240 314
240 82
240 617
241 1596
241 1430
241 418
241 1597
241 684
242 245
242 925
242 1013
242 146
242 1595
243 810
243 1202
243 194
243 842
243 988
244 980
244 862
244 209
244 400
244 391
245 925
245 1657
245 447
245 656
245 919
246 1477
246 823
246 1254
246 957
246 242
247 530
247 1289
247 659
247 1698
247 154
248 729
248 1307
248 1488
248 1583
248 752
249 1519
249 677
249 665
249 25
249 1391
250 321
250 1004
250 1460
250 648
250 1209
251 161
251 1555
251 181
251 858
251 1671
252 1394
252 1296
252 720
252 1181
252 481
253 1477
253 1013
253 1163
253 1676
253 217
254 1330
254 1569
254 80
254 1251
254 1616
255 1544
255 571
255 319
255 708
255 692
256 611
256 1163
256 217
256 1694
256 1192
257 1062
257 650
257 775
257 903
257 1489
258 437
258 151
258 706
258 26
258 1242
259 555
259 686
259 1277
259 1318
259 518
260 1160
260 40
260 843
260 364
260 1118
261 1283
261 1501
261 1340
261 590
261 30
262 362
262 1177
262 1341
262 1598
262 1399
263 74
263 1588
263 1066
263 960
263 803
264 180
264 1444
264 575
264 996
264 311
265 314
265 206
265 1155
265 640
265 959
266 475
266 634
266 461
266 1583
266 197
267 1330
267 512
267 1277
267 1636
267 139
268 811
268 36
268 1102
268 80
268 967
269 166
269 482
269 1210
269 710
269 951
270 513
270 1158
270 1455
270 439
270 1367
271 445
271 690
271 1263
271 345
271 1475
272 13
272 484
272 296
272 649
272 352
273 1038
273 1604
273 239
273 752
273 284
274 1062
274 650
274 137
274 1489
274 113
275 228
275 1404
275 497
275 1201
275 232
276 753
276 1587
276 1277
276 80
276 1664
277 1529
277 429
277 1616
277 967
277 176
278 747
278 1272
278 704
278 1664
278 1313
279 338
279 1538
279 882
279 433
279 880
280 1246
280 597
280 963
280 1360
280 351
281 617
281 613
281 1310
281 17
281 1154
282 1118
282 1409
282 943
282 159
282 1687
283 1381
283 615
283 96
283 1315
283 691
284 1604
284 378
284 1583
284 200
284 311
285 904
285 1264
285 1613
285 1444
285 148
286 425
286 96
286 615
286 95
286 897
287 880
287 338
287 433
287 1376
287 601
288 669
288 291
288 1224
288 73
288 535
289 823
289 78
289 1535
289 1477
289 1082
290 83
290 291
290 581
290 1592
290 1224
291 1224
291 55
291 1690
291 544
291 1686
292 1562
292 1420
292 1477
292 1253
292 549
293 902
293 102
293 1219
293 424
293 382
294 810
294 1613
294 1474
294 1038
294 1572
295 1692
295 911
295 559
295 853
295 4
296 1077
296 1488
296 1604
296 839
296 378
297 137
297 1062
297 685
297 725
297 599
298 777
298 896
298 1139
298 530
298 1185
299 1598
299 1412
299 1260
299 1409
299 736
300 1140
300 1146
300 20
300 315
300 866
301 1118
301 343
301 1367
301 1308
301 1409
302 131
302 425
302 1419
302 96
302 1281
303 1575
303 1006
303 1418
303 729
303 44
304 83
304 1612
304 544
304 291
304 673
305 1128
305 243
305 1427
305 466
305 127
306 381
306 1145
306 757
306 324
306 417
307 336
307 975
307 127
307 1328
307 1452
308 1447
308 1564
308 12
308 1070
308 576
309 1245
309 930
309 39
309 1042
309 1194
310 143
310 435
310 744
310 1282
310 590
311 1604
311 1483
311 167
311 1393
311 537
312 778
312 475
312 634
312 1604
312 1041
313 1460
313 684
313 648
313 1185
313 154
314 823
314 1477
314 1269
314 428
314 1254
315 1118
315 332
315 1617
315 1439
315 908
316 677
316 109
316 1288
316 834
316 320
317 1702
317 48
317 102
317 306
317 427
318 437
318 380
318 1441
318 440
318 1487
319 255
319 1121
319 1033
319 1679
319 1
320 96
320 95
320 109
320 615
320 500
321 783
321 224
321 1497
321 1560
321 810
322 109
322 677
322 19
322 643
322 25
323 1684
323 1062
323 685
323 137
323 1503
324 306
324 1373
324 920
324 648
324 106
325 1657
325 1535
325 823
325 912
325 447
326 1409
326 797
326 1412
326 1642
326 1564
327 1477
327 1013
327 739
327 1269
327 1299
328 1501
328 261
328 1240
328 991
328 673
329 1158
329 1066
329 1160
329 74
329 364
330 1113
330 275
330 1270
330 228
330 103
331 1333
331 71
331 767
331 1569
331 176
332 1118
332 1409
332 343
332 1131
332 1412
333 110
333 877
333 0
333 127
333 661
334 1477
334 610
334 1448
334 17
334 1623
335 80
335 1569
335 1093
335 134
335 706
336 1208
336 1010
336 1143
336 1437
336 1635
337 469
337 1349
337 1098
337 938
337 971
338 433
338 880
338 601
338 1538
338 916
339 1366
339 1560
339 648
339 1613
339 537
340 505
340 473
340 1698
340 870
340 1635
341 161
341 729
341 537
341 1483
341 814
342 797
342 1118
342 1257
342 210
342 993
343 1409
343 1118
343 332
343 153
343 1412
344 1393
344 1195
344 29
344 554
344 790
345 1502
345 1698
345 690
345 1383
345 1482
346 1118
346 1409
346 797
346 1223
346 332
347 833
347 880
347 538
347 458
347 1708
348 1394
348 841
348 1181
348 720
348 782
349 20
349 1563
349 1409
349 1118
349 1616
350 691
350 1681
350 1120
350 603
350 1425
351 1413
351 1496
351 280
351 547
351 1659
352 1077
352 1002
352 378
352 444
352 752
353 1387
353 1325
353 921
353 584
353 1263
354 1569
354 412
354 1277
354 686
354 1242
355 1286
355 530
355 926
355 1395
355 715
356 1478
356 890
356 887
356 1252
356 220
357 727
357 1485
357 57
357 1195
357 103
358 686
358 20
358 1130
358 1050
358 753
359 1062
359 1565
359 650
359 903
359 94
360 610
360 1448
360 838
360 596
360 240
361 1660
361 1277
361 1636
361 528
361 633
362 811
362 1102
362 191
362 1569
362 36
363 1310
363 1376
363 547
363 774
363 433
364 1160
364 74
364 709
364 960
364 851
365 1642
365 1409
365 1163
365 1186
365 210
366 686
366 349
366 440
366 860
366 401
367 1084
367 290
367 607
367 382
367 710
368 810
368 886
368 594
368 1373
368 1208
369 1269
369 912
369 1595
369 447
369 656
370 942
370 584
370 905
370 1268
370 1014
371 71
371 215
371 994
371 433
371 1384
372 1310
372 1448
372 578
372 774
372 610
373 1401
373 547
373 17
373 1699
373 1657
374 1686
374 1202
374 575
374 414
374 1682
375 1526
375 843
375 993
375 139
375 1409
376 1477
376 1254
376 447
376 912
376 1082
377 634
377 8
377 673
377 786
377 1044
378 1486
378 284
378 1572
378 1450
378 1002
379 1062
379 685
379 599
379 650
379 54
380 613
380 1568
380 892
380 1582
380 617
381 306
381 424
381 102
381 11
381 542
382 118
382 536
382 1690
382 585
382 1179
383 178
383 973
383 753
383 876
383 1705
384 918
384 311
384 715
384 896
384 1483
385 1448
385 17
385 360
385 610
385 1487
386 797
386 1047
386 967
386 171
386 1409
387 1497
387 1144
387 243
387 680
387 313
388 859
388 412
388 75
388 1687
388 993
389 232
389 1639
389 1602
389 1270
389 652
390 1660
390 65
390 1212
390 789
390 486
391 1214
391 1406
391 1177
391 72
391 745
392 1448
392 707
392 797
392 153
392 1412
393 413
393 1514
393 37
393 1578
393 1119
394 1139
394 1209
394 413
394 1107
394 542
395 252
395 1394
395 720
395 1296
395 677
396 1633
396 1675
396 758
396 1198
396 1442
397 50
397 409
397 880
397 1466
397 1346
398 64
398 95
398 609
398 1391
398 1293
399 1598
399 1463
399 299
399 20
399 1652
400 1412
400 1118
400 1409
400 1611
400 1330
401 135
401 1545
401 366
401 937
401 512
402 1656
402 1477
402 1676
402 1496
402 53
403 1384
403 735
403 1487
403 1448
403 17
404 1613
404 1444
404 167
404 684
404 1386
405 686
405 563
405 662
405 936
405 1031
406 96
406 481
406 252
406 560
406 230
407 1476
407 700
407 36
407 80
407 1569
408 1230
408 610
408 433
408 880
408 1132
409 1381
409 1425
409 855
409 1626
409 560
410 1122
410 876
410 555
410 361
410 1641
411 6
411 1224
411 473
411 1328
411 810
412 80
412 686
412 354
412 1569
412 753
413 1578
413 393
413 127
413 1474
413 1015
414 1202
414 1247
414 1530
414 374
414 531
415 1238
415 1539
415 795
415 1585
415 1565
416 1598
416 1569
416 512
416 437
416 1039
417 1224
417 83
417 1555
417 1592
417 290
418 241
418 1365
418 1430
418 1109
418 931
419 314
419 1477
419 1176
419 1496
419 1656
420 1062
420 782
420 725
420 650
420 1489
421 558
421 1238
421 650
421 1539
421 1565
422 83
422 291
422 1555
422 1044
422 1143
423 161
423 1357
423 814
423 818
423 858
424 102
424 546
424 710
424 166
424 484
425 615
425 1419
425 286
425 96
425 1281
426 797
426 519
426 33
426 1617
426 1564
427 1084
427 1661
427 991
427 1379
427 163
428 823
428 314
428 655
428 611
428 1132
429 80
429 1277
429 512
429 437
429 967
430 1065
430 604
430 344
430 413
430 830
431 844
431 1707
431 1077
431 1123
431 1038
432 1498
432 530
432 1335
432 1067
432 542
433 338
433 1132
433 1017
433 735
433 1310
434 794
434 864
434 644
434 939
434 1162
435 1243
435 163
435 991
435 1359
435 1210
436 660
436 722
436 705
436 1135
436 1463
437 80
437 20
437 512
437 1569
437 686
438 124
438 814
438 1179
438 1572
438 311
439 851
439 1223
439 843
439 159
439 1693
440 20
440 686
440 437
440 576
440 1569
441 879
441 797
441 460
441 133
441 1412
442 1083
442 610
442 433
442 838
442 1568
443 1062
443 834
443 137
443 1288
443 1238
444 729
444 341
444 1604
444 1619
444 1006
445 1613
445 1488
445 1233
445 569
445 1349
446 574
446 48
446 102
446 1243
446 974
447 912
447 656
447 1269
447 823
447 1657
448 1393
448 311
448 554
448 1240
448 1243
449 1547
449 166
449 1061
449 143
449 87
450 1394
450 1181
450 720
450 835
450 559
451 1145
451 13
451 491
451 499
451 977
452 141
452 108
452 1463
452 1412
452 1545
453 869
453 1487
453 1337
453 866
453 485
454 656
454 447
454 912
454 1657
454 742
455 127
455 1578
455 305
455 47
455 1065
456 620
456 1349
456 1510
456 238
456 905
457 1632
457 1563
457 1135
457 1492
457 1409
458 601
458 1310
458 1568
458 373
458 656
459 1498
459 247
459 1629
459 1386
459 1289
460 139
460 1277
460 80
460 1569
460 706
461 266
461 634
461 1432
461 863
461 29
462 1569
462 1017
462 20
462 868
462 1665
463 677
463 109
463 443
463 173
463 1296
464 510
464 648
464 1233
464 148
464 1583
465 1676
465 1013
465 1534
465 1317
465 428
466 734
466 1530
466 661
466 127
466 1010
467 1270
467 193
467 103
467 1404
467 13
468 1109
468 1629
468 659
468 530
468 1126
469 1098
469 652
469 1111
469 337
469 1404
470 1118
470 1409
470 210
470 343
470 943
471 1129
471 470
471 828
471 1439
471 1607
472 1399
472 601
472 1413
472 862
472 1236
473 411
473 527
473 1363
473 241
473 539
474 1345
474 1633
474 758
474 1129
474 1675
475 634
475 266
475 1604
475 312
475 786
476 981
476 552
476 1145
476 1393
476 991
477 35
477 699
477 852
477 621
477 34
478 651
478 924
478 782
478 49
478 685
479 41
479 1099
479 408
479 746
479 1255
480 1569
480 338
480 254
480 866
480 1277
481 1394
481 720
481 1181
481 450
481 252
482 102
482 1179
482 902
482 1243
482 269
483 1426
483 1282
483 1239
483 1483
483 1029
484 649
484 13
484 424
484 922
484 792
485 1665
485 462
485 1047
485 1584
485 314
486 576
486 1277
486 134
486 956
486 245
487 912
487 447
487 656
487 1269
487 1163
488 1247
488 1452
488 1304
488 1661
488 1485
489 127
489 975
489 1468
489 623
489 1067
490 690
490 1378
490 505
490 976
490 629
491 1589
491 1145
491 1643
491 958
491 1379
492 1063
492 1326
492 368
492 933
492 1629
493 424
493 845
493 1655
493 381
493 484
494 1195
494 1452
494 1379
494 73
494 1063
495 1093
495 437
495 1569
495 139
495 1272
496 432
496 659
496 639
496 160
496 530
497 813
497 275
497 1201
497 232
497 166
498 886
498 515
498 1498
498 1328
498 505
499 546
499 446
499 977
499 1572
499 1347
500 320
500 1554
500 1668
500 1553
500 230
501 167
501 975
501 914
501 1195
501 1494
502 1270
502 189
502 1113
502 494
502 1084
503 845
503 1436
503 166
503 600
503 659
504 5
504 185
504 1211
504 1338
504 2
505 976
505 1053
505 1698
505 490
505 1042
506 939
506 203
506 1162
506 520
506 134
507 1196
507 531
507 1533
507 83
507 1224
508 1174
508 1557
508 1554
508 677
508 283
509 512
509 80
509 437
509 1569
509 1242
510 464
510 1613
510 684
510 648
510 1320
511 1306
511 1588
511 364
511 1160
511 647
512 80
512 437
512 1569
512 1277
512 706
513 270
513 1212
513 1279
513 1118
513 1409
514 338
514 1327
514 360
514 1676
514 1163
515 1437
515 933
515 1508
515 235
515 886
516 837
516 1412
516 686
516 42
516 1052
517 1396
517 410
517 1338
517 618
517 465
518 17
518 617
518 613
518 1413
518 314
519 1409
519 797
519 1412
519 1118
519 1212
520 706
520 928
520 912
520 1564
520 242
521 1491
521 452
521 1260
521 1161
521 226
522 745
522 242
522 440
522 72
522 576
523 1118
523 1308
523 400
523 1409
523 1687
524 1674
524 1439
524 139
524 20
524 1564
525 673
525 1044
525 377
525 642
525 981
526 1409
526 1212
526 343
526 1118
526 1412
527 473
527 1597
527 1629
527 106
527 1550
528 1093
528 139
528 1636
528 576
528 512
529 635
529 1043
529 1305
529 1129
529 897
530 999
530 1064
530 659
530 1698
530 1498
531 1533
531 1530
531 414
531 507
531 1635
532 642
532 711
532 1224
532 989
532 1521
533 1536
533 897
533 96
533 1675
533 560
534 403
534 633
534 1302
534 1163
534 596
535 1589
535 417
535 1411
535 989
535 1647
536 991
536 1243
536 118
536 981
536 1240
537 1483
537 1619
537 311
537 341
537 729
538 20
538 706
538 1569
538 80
538 1277
539 1202
539 778
539 1683
539 1481
539 1224
540 1609
540 1630
540 386
540 1469
540 174
541 1505
541 934
541 1623
541 679
541 24
542 1139
542 930
542 1109
542 625
542 1126
543 1398
543 1084
543 1364
543 1349
543 427
544 1592
544 778
544 291
544 1224
544 581
545 97
545 940
545 1411
545 1292
545 1567
546 424
546 1488
546 1347
546 499
546 1596
547 1230
547 1376
547 1401
547 363
547 373
548 910
548 561
548 1227
548 1051
548 967
549 1477
549 50
549 1677
549 912
549 1082
550 898
550 565
550 609
550 603
550 286
551 50
551 1477
551 10
551 549
551 1013
552 634
552 1583
552 981
552 1195
552 393
553 80
553 495
553 1617
553 75
553 967
554 1486
554 1393
554 634
554 311
554 941
555 1333
555 868
555 967
555 1617
555 1310
556 1163
556 325
556 447
556 912
556 1496
557 1409
557 153
557 171
557 1703
557 65
558 1238
558 1062
558 1565
558 1467
558 795
559 1394
559 1181
559 720
559 450
559 894
560 615
560 96
560 1566
560 95
560 1536
561 1409
561 1412
561 1118
561 1598
561 1417
562 1636
562 139
562 1431
562 1260
562 866
563 1447
563 1656
563 1182
563 1163
563 662
564 96
564 560
564 615
564 764
564 95
565 550
565 603
565 1281
565 691
565 1419
566 181
566 1604
566 291
566 311
566 284
567 124
567 863
567 1432
567 167
567 1474
568 1369
568 381
568 1268
568 418
568 543
569 1707
569 1219
569 1347
569 445
569 839
570 967
570 1021
570 1140
570 1569
570 1448
571 1652
571 614
571 255
571 1135
571 141
572 1611
572 800
572 1306
572 647
572 116
573 95
573 1293
573 96
573 1566
573 615
574 1436
574 1486
574 1243
574 446
574 56
575 374
575 1686
575 55
575 778
575 1481
576 139
576 1277
576 1569
576 512
576 80
577 1118
577 1412
577 315
577 561
577 210
578 774
578 1310
578 433
578 338
578 1538
579 1594
579 1684
579 1164
579 650
579 1489
580 1477
580 1676
580 912
580 376
580 1445
581 55
581 1195
581 1686
581 291
581 544
582 511
582 1640
582 851
582 1160
582 1588
583 1111
583 1364
583 1349
583 1268
583 649
584 1072
584 620
584 1682
584 427
584 1268
585 1247
585 1683
585 55
585 988
585 1612
586 1110
586 1425
586 686
586 898
586 20
587 574
587 56
587 1486
587 1483
587 1019
588 1222
588 845
588 1209
588 1682
588 102
589 642
589 631
589 1603
589 1461
589 1494
590 1501
590 714
590 1100
590 118
590 163
591 1635
591 1533
591 1342
591 414
591 411
592 758
592 1633
592 1118
592 1412
592 707
593 1549
593 182
593 1547
593 378
593 306
594 751
594 1328
594 886
594 127
594 368
595 1156
595 1693
595 31
595 1529
595 416
596 613
596 360
596 1083
596 1574
596 610
597 1269
597 1246
597 656
597 1535
597 823
598 1302
598 360
598 1448
598 133
598 994
599 137
599 1164
599 1062
599 849
599 379
600 1480
600 1123
600 1488
600 991
600 192
601 338
601 433
601 223
601 1538
601 916
602 291
602 83
602 1247
602 1499
602 1533
603 550
603 565
603 1425
603 691
603 1580
604 646
604 1560
604 127
604 1209
604 931
605 1210
605 482
605 166
605 1016
605 269
606 1053
606 1454
606 11
606 1383
606 1631
607 175
607 1404
607 1661
607 193
607 382
608 1074
608 57
608 1359
608 1204
608 13
609 615
609 96
609 1215
609 1149
609 560
610 1448
610 360
610 1017
610 613
610 1477
611 655
611 428
611 1477
611 1039
611 53
612 1071
612 479
612 176
612 3
612 553
613 610
613 617
613 1487
613 223
613 838
614 437
614 1330
614 1093
614 139
614 1569
615 560
615 96
615 95
615 1566
615 764
616 1326
616 1698
616 530
616 1629
616 1498
617 17
617 223
617 613
617 518
617 1327
618 1330
618 1466
618 797
618 509
618 1564
619 531
619 574
619 1533
619 1604
619 1010
620 1349
620 1325
620 1202
620 1074
620 584
621 363
621 133
621 287
621 460
621 866
622 686
622 1409
622 1632
622 860
622 1412
623 127
623 1063
623 625
623 680
623 194
624 242
624 65
624 852
624 346
624 1257
625 999
625 870
625 1109
625 530
625 1064
626 512
626 1412
626 171
626 218
626 1277
627 1596
627 459
627 162
627 1482
627 648
628 1118
628 1409
628 260
628 1257
628 343
629 490
629 976
629 1378
629 505
629 1698
630 1642
630 326
630 1561
630 1697
630 1118
631 1286
631 1095
631 1494
631 1307
631 149
632 700
632 576
632 17
632 633
632 1176
633 65
633 1409
633 1277
633 534
633 632
634 786
634 1044
634 475
634 790
634 1432
635 1305
635 1621
635 1633
635 1129
635 705
636 932
636 1277
636 1632
636 662
636 1476
637 864
637 939
637 1162
637 1663
637 434
638 1560
638 975
638 787
638 1195
638 1682
639 531
639 845
639 1452
639 496
639 494
640 314
640 1477
640 1676
640 1601
640 53
641 59
641 1476
641 549
641 754
641 402
642 1379
642 1224
642 544
642 1686
642 291
643 463
643 173
643 677
643 109
643 54
644 906
644 944
644 434
644 302
644 1162
645 172
645 826
645 1502
645 657
645 417
646 1026
646 1578
646 836
646 1560
646 211
647 364
647 511
647 1158
647 1306
647 709
648 1613
648 1200
648 684
648 1366
648 1321
649 57
649 1349
649 484
649 48
649 1074
650 1062
650 903
650 1489
650 1238
650 1565
651 924
651 782
651 478
651 1392
651 348
652 469
652 1111
652 1270
652 1098
652 702
653 863
653 220
653 6
653 1363
653 1578
654 1657
654 22
654 1601
654 314
654 53
655 1496
655 611
655 428
655 314
655 1051
656 447
656 912
656 1657
656 823
656 742
657 891
657 1347
657 172
657 1592
657 182
658 898
658 1425
658 179
658 1149
658 550
659 530
659 1053
659 247
659 1454
659 1335
660 1586
660 1345
660 1453
660 265
660 436
661 870
661 1550
661 466
661 1430
661 530
662 20
662 80
662 1277
662 1632
662 563
663 377
663 1444
663 1388
663 1038
663 83
664 1093
664 987
664 859
664 1294
664 1677
665 1391
665 183
665 677
665 107
665 1101
666 240
666 1310
666 1083
666 281
666 1106
667 688
667 795
667 1238
667 1539
667 1467
668 1635
668 70
668 1326
668 336
668 1328
669 981
669 907
669 296
669 1243
669 1347
670 1412
670 797
670 1039
670 1317
670 1409
671 988
671 1683
671 1152
671 130
671 194
672 1583
672 1015
672 167
672 124
672 738
673 118
673 634
673 377
673 1379
673 8
674 403
674 1607
674 994
674 1106
674 1132
675 1138
675 587
675 1631
675 744
675 432
676 1283
676 1393
676 211
676 1002
676 729
677 109
677 96
677 1206
677 463
677 1296
678 823
678 1677
678 1254
678 314
678 912
679 1333
679 1277
679 80
679 700
679 1505
680 1010
680 6
680 1363
680 336
680 1328
681 1394
681 1181
681 720
681 835
681 450
682 80
682 1664
682 1277
682 1242
682 706
683 1409
683 1118
683 343
683 1541
683 332
684 1323
684 154
684 648
684 999
684 1185
685 137
685 1062
685 1258
685 1594
685 725
686 20
686 437
686 1412
686 1330
686 1617
687 1675
687 758
687 560
687 96
687 1536
688 1238
688 1467
688 1539
688 795
688 1585
689 1571
689 75
689 1272
689 222
689 447
690 490
690 1378
690 1698
690 976
690 1326
691 1315
691 1681
691 615
691 96
691 283
692 255
692 1227
692 1705
692 218
692 1558
693 233
693 3
693 65
693 390
693 825
694 797
694 622
694 1203
694 800
694 346
695 1044
695 642
695 790
695 1555
695 291
696 1335
696 1139
696 1053
696 1498
696 530
697 1631
697 1245
697 1349
697 889
697 1023
698 169
698 1496
698 237
698 1254
698 217
699 437
699 1330
699 706
699 934
699 512
700 1412
700 1146
700 706
700 1463
700 679
701 1118
701 332
701 343
701 1409
701 171
702 445
702 712
702 1098
702 546
702 272
703 683
703 343
703 1118
703 315
703 1455
704 278
704 1526
704 776
704 265
704 1186
705 635
705 1118
705 386
705 1423
705 210
706 1569
706 512
706 80
706 20
706 797
707 343
707 1118
707 1409
707 1212
707 65
708 1033
708 1509
708 1121
708 635
708 1199
709 74
709 364
709 1160
709 40
709 851
710 56
710 1655
710 424
710 166
710 48
711 532
711 1270
711 1592
711 1404
711 1292
712 13
712 922
712 296
712 1077
712 669
713 1200
713 1671
713 1579
713 648
713 1444
714 1578
714 423
714 590
714 1501
714 1436
715 384
715 1195
715 44
715 752
715 1436
716 649
716 1204
716 57
716 1547
716 140
717 1360
717 1047
717 1595
717 1155
717 1071
718 1596
718 648
718 1480
718 1444
718 1579
719 861
719 1028
719 811
719 1178
719 1399
720 1394
720 1181
720 450
720 835
720 481
721 1419
721 425
721 1281
721 96
721 95
722 190
722 1660
722 267
722 760
722 1507
723 655
723 823
723 78
723 1269
723 428
724 1359
724 1201
724 1516
724 166
724 1340
725 1062
725 137
725 1238
725 782
725 443
726 1582
726 597
726 1525
726 351
726 403
727 1567
727 357
727 101
727 1661
727 1686
728 758
728 1129
728 405
728 258
728 1305
729 341
729 752
729 1483
729 1583
729 537
730 373
730 1230
730 1310
730 433
730 601
731 159
731 843
731 439
731 851
731 1339
732 523
732 1562
732 636
732 1277
732 212
733 1469
733 403
733 540
733 994
733 17
734 1363
734 466
734 235
734 1208
734 1328
735 433
735 1487
735 403
735 613
735 223
736 1412
736 1146
736 1409
736 1260
736 1703
737 139
737 1569
737 512
737 1330
737 967
738 438
738 1604
738 1005
738 672
738 1673
739 1269
739 1471
739 959
739 447
739 912
740 1436
740 574
740 1483
740 44
740 542
741 824
741 914
741 531
741 941
741 336
742 1657
742 656
742 217
742 447
742 912
743 349
743 1412
743 1212
743 700
743 1118
744 310
744 675
744 503
744 232
744 1138
745 1451
745 1447
745 700
745 640
745 512
746 1376
746 479
746 601
746 1654
746 1571
747 739
747 22
747 1523
747 825
747 912
748 1212
748 797
748 512
748 1412
748 1409
749 1531
749 646
749 413
749 1185
749 1209
750 1406
750 1137
750 1453
750 1564
750 561
751 594
751 154
751 1326
751 684
751 1143
752 44
752 729
752 863
752 858
752 1044
753 1569
753 1277
753 80
753 512
753 139
754 912
754 925
754 1595
754 1013
754 1402
755 1202
755 374
755 1084
755 238
755 1128
756 631
756 1286
756 796
756 1452
756 1307
757 417
757 306
757 1224
757 83
757 1404
758 1675
758 1442
758 1633
758 1536
758 533
759 799
759 473
759 1547
759 543
759 1530
760 1177
760 1551
760 1046
760 843
760 860
761 59
761 1470
761 1520
761 1677
761 641
762 662
762 655
762 349
762 1343
762 698
763 829
763 447
763 479
763 833
763 373
764 615
764 95
764 96
764 560
764 1566
765 515
765 996
765 546
765 1224
765 591
766 1209
766 1026
766 648
766 1004
766 1579
767 1487
767 838
767 1094
767 1116
767 610
768 531
768 591
768 492
768 1063
768 1190
769 1179
769 536
769 1480
769 1243
769 902
770 1218
770 841
770 835
770 677
770 782
771 1390
771 1427
771 1578
771 47
771 786
772 67
772 918
772 124
772 167
772 47
773 880
773 460
773 1278
773 1496
773 205
774 578
774 338
774 363
774 1401
774 1310
775 650
775 903
775 1062
775 1489
775 558
776 1181
776 1394
776 782
776 720
776 992
777 298
777 752
777 542
777 896
777 124
778 1683
778 544
778 6
778 83
778 539
779 739
779 912
779 1254
779 556
779 823
780 1399
780 666
780 994
780 80
780 281
781 1551
781 1227
781 952
781 706
781 1545
782 1062
782 1394
782 720
782 677
782 1181
783 321
783 1041
783 1597
783 1320
783 243
784 1432
784 298
784 167
784 1006
784 845
785 536
785 901
785 1243
785 158
785 814
786 634
786 167
786 377
786 554
786 1100
787 128
787 638
787 907
787 211
787 47
788 1296
788 1637
788 681
788 136
788 834
789 944
789 550
789 603
789 1425
789 1293
790 634
790 29
790 344
790 1583
790 1555
791 198
791 1070
791 682
791 1569
791 1457
792 536
792 1006
792 484
792 1359
792 304
793 1633
793 1675
793 1221
793 500
793 139
794 434
794 1162
794 245
794 864
794 1674
795 1238
795 1565
795 1539
795 1585
795 1062
796 1307
796 1044
796 149
796 1065
796 631
797 1409
797 1412
797 1118
797 343
797 210
798 554
798 1501
798 1436
798 1673
798 1485
799 1195
799 836
799 786
799 1262
799 1486
800 1640
800 1306
800 572
800 511
800 88
801 1521
801 989
801 727
801 1113
801 103
802 1409
802 171
802 1212
802 1397
802 748
803 1588
803 843
803 1158
803 74
803 1160
804 512
804 737
804 1352
804 258
804 1021
805 141
805 1170
805 26
805 35
805 1024
806 1528
806 291
806 535
806 1452
806 1379
807 17
807 1302
807 1154
807 90
807 265
808 1046
808 1527
808 860
808 3
808 77
809 1091
809 28
809 1121
809 1317
809 122
810 243
810 1579
810 294
810 1382
810 1682
811 362
811 268
811 36
811 1102
811 861
812 1312
812 620
812 1349
812 1517
812 1084
813 497
813 1029
813 166
813 1354
813 1291
814 1575
814 1283
814 818
814 30
814 423
815 1074
815 435
815 197
815 600
815 991
816 912
816 656
816 1656
816 640
816 327
817 925
817 1093
817 859
817 387
817 245
818 814
818 537
818 1195
818 423
818 161
819 1002
819 393
819 1597
819 1572
819 1613
820 1391
820 183
820 107
820 665
820 677
821 434
821 864
821 875
821 644
821 1162
822 931
822 1011
822 1430
822 418
822 661
823 1254
823 912
823 1657
823 314
823 447
824 298
824 896
824 1265
824 863
824 784
825 686
825 3
825 1505
825 993
825 747
826 645
826 172
826 977
826 657
826 1025
827 89
827 1642
827 1117
827 17
827 1114
828 1269
828 611
828 447
828 833
828 912
829 763
829 408
829 1302
829 447
829 1310
830 1579
830 1436
830 1200
830 1486
830 648
831 464
831 192
831 525
831 393
831 1195
832 312
832 475
832 1015
832 1143
832 1604
833 823
833 217
833 1269
833 1346
833 698
834 136
834 443
834 1206
834 1296
834 677
835 1394
835 720
835 1181
835 450
835 681
836 1195
836 1560
836 646
836 211
836 1579
837 1330
837 686
837 1569
837 495
837 967
838 613
838 610
838 360
838 892
838 442
839 296
839 669
839 1077
839 1661
839 352
840 648
840 273
840 1583
840 1450
840 1015
841 782
841 1637
841 677
841 155
841 1394
842 1683
842 1208
842 243
842 810
842 846
843 851
843 1409
843 803
843 960
843 1588
844 1379
844 118
844 673
844 796
844 642
845 56
845 588
845 574
845 784
845 1209
846 1682
846 842
846 1683
846 1363
846 374
847 1409
847 343
847 797
847 153
847 1118
848 447
848 1269
848 1013
848 38
848 739
849 1062
849 137
849 1489
849 599
849 1553
850 314
850 447
850 1269
850 656
850 1230
851 843
851 439
851 1588
851 1158
851 960
852 346
852 77
852 1212
852 16
852 797
853 1462
853 825
853 699
853 139
853 115
854 734
854 684
854 777
854 341
854 1356
855 560
855 615
855 96
855 1566
855 286
856 709
856 1066
856 329
856 851
856 74
857 1238
857 639
857 1331
857 558
857 1560
858 863
858 1044
858 752
858 1038
858 1436
859 925
859 267
859 817
859 664
859 1636
860 20
860 1330
860 686
860 65
860 706
861 719
861 811
861 1178
861 1028
861 134
862 1676
862 53
862 447
862 314
862 1163
863 858
863 752
863 1044
863 30
863 567
864 1162
864 637
864 434
864 939
864 302
865 1118
865 943
865 1434
865 1403
865 343
866 460
866 1251
866 338
866 1569
866 1505
867 1116
867 578
867 433
867 1505
867 547
868 462
868 1333
868 1598
868 1569
868 555
869 453
869 1487
869 735
869 403
869 866
870 1550
870 661
870 625
870 999
870 530
871 92
871 1567
871 317
871 1404
871 488
872 512
872 706
872 928
872 126
872 376
873 1230
873 547
873 205
873 1083
873 1663
874 1238
874 1553
874 1467
874 1539
874 795
875 968
875 1539
875 1238
875 1467
875 1553
876 91
876 686
876 20
876 664
876 80
877 333
877 1427
877 1578
877 37
877 1185
878 1598
878 1447
878 1299
878 1570
878 314
879 1679
879 1569
879 797
879 441
879 80
880 338
880 223
880 152
880 1310
880 287
881 447
881 1477
881 376
881 1163
881 912
882 223
882 433
882 338
882 735
882 1234
883 1015
883 1474
883 1683
883 510
883 778
884 1173
884 1664
884 1389
884 315
884 326
885 1330
885 1034
885 440
885 1409
885 1598
886 1635
886 594
886 1208
886 130
886 1152
887 1080
887 269
887 1411
887 536
887 97
888 641
888 50
888 1659
888 1277
888 762
889 1488
889 196
889 1388
889 1179
889 476
890 87
890 799
890 166
890 382
890 1204
891 657
891 1707
891 525
891 1098
891 142
892 838
892 613
892 1110
892 1568
892 380
893 570
893 1093
893 1294
893 1569
893 20
894 1394
894 559
894 1181
894 720
894 450
895 338
895 1428
895 433
895 1569
895 866
896 298
896 777
896 384
896 661
896 715
897 1536
897 1512
897 533
897 990
897 96
898 1425
898 550
898 1110
898 658
898 95
899 1497
899 904
899 625
899 1109
899 1019
900 897
900 1512
900 1073
900 1536
900 533
901 785
901 1366
901 1200
901 536
901 574
902 769
902 1388
902 57
902 482
902 1179
903 650
903 1062
903 775
903 795
903 1489
904 1262
904 224
904 1264
904 313
904 1185
905 435
905 620
905 370
905 1486
905 1084
906 944
906 644
906 1391
906 1215
906 1593
907 211
907 669
907 1015
907 1683
907 1572
908 315
908 1563
908 1569
908 706
908 686
909 736
909 1141
909 1658
909 1703
909 549
910 548
910 1051
910 614
910 520
910 1273
911 27
911 608
911 424
911 792
911 1204
912 447
912 1269
912 823
912 656
912 1657
913 1541
913 1561
913 1131
913 65
913 1118
914 374
914 1635
914 531
914 1686
914 414
915 995
915 967
915 1272
915 1021
915 176
916 338
916 433
916 601
916 1538
916 880
917 455
917 1209
917 799
917 1583
917 1022
918 1474
918 384
918 167
918 67
918 311
919 925
919 245
919 1676
919 447
919 1477
920 1631
920 546
920 696
920 1245
920 505
921 1613
921 1366
921 1572
921 1474
921 1683
922 182
922 1359
922 1233
922 1488
922 1104
923 1586
923 1704
923 299
923 80
923 1610
924 1637
924 651
924 782
924 841
924 720
925 245
925 1082
925 919
925 1477
925 447
926 1286
926 149
926 1095
926 355
926 1452
927 1011
927 680
927 1531
927 333
927 0
928 134
928 1277
928 1439
928 245
928 429
929 742
929 1657
929 314
929 823
929 447
930 1139
930 542
930 1556
930 1126
930 1383
931 604
931 1185
931 822
931 418
931 1369
932 447
932 912
932 33
932 748
932 656
933 1143
933 1222
933 1437
933 1208
933 1010
934 512
934 706
934 35
934 437
934 1617
935 1244
935 755
935 456
935 1349
935 435
936 1412
936 686
936 1526
936 65
936 226
937 1598
937 1665
937 20
937 967
937 1569
938 684
938 1202
938 870
938 1143
938 188
939 1162
939 864
939 1615
939 434
939 134
940 545
940 902
940 445
940 140
940 97
941 554
941 574
941 48
941 1436
941 44
942 370
942 1014
942 1369
942 1312
942 484
943 1118
943 1409
943 332
943 343
943 1308
944 789
944 906
944 1391
944 1293
944 1215
945 359
945 1553
945 1565
945 1467
945 874
946 1491
946 1118
946 349
946 1462
946 1242
947 1569
947 20
947 1330
947 509
947 937
948 659
948 1072
948 1454
948 1631
948 1349
949 567
949 382
949 118
949 424
949 124
950 1611
950 88
950 116
950 803
950 1066
951 1270
951 193
951 467
951 607
951 1404
952 1140
952 797
952 437
952 349
952 1598
953 149
953 1143
953 1452
953 1635
953 642
954 460
954 1569
954 20
954 1441
954 80
955 525
955 118
955 1404
955 422
955 1008
956 53
956 428
956 1477
956 314
956 1082
957 1477
957 1013
957 1676
957 53
957 217
958 193
958 989
958 1379
958 1589
958 1404
959 739
959 1492
959 1269
959 1420
959 22
960 843
960 364
960 1066
960 851
960 74
961 1277
961 1093
961 139
961 80
961 108
962 1070
962 571
962 108
962 1397
962 1155
963 912
963 597
963 447
963 1246
963 1477
964 725
964 1684
964 599
964 137
964 1258
965 1686
965 1035
965 83
965 575
965 778
966 332
966 346
966 686
966 1066
966 1515
967 80
967 1569
967 1330
967 512
967 437
968 1238
968 1539
968 875
968 795
968 1467
969 1140
969 1638
969 386
969 159
969 967
970 1657
970 656
970 1317
970 823
970 245
971 842
971 243
971 696
971 79
971 106
972 5
972 674
972 622
972 1574
972 723
973 1154
973 383
973 747
973 622
973 1524
974 1578
974 604
974 167
974 446
974 845
975 842
975 336
975 1452
975 1560
975 501
976 1698
976 505
976 1326
976 530
976 1498
977 499
977 13
977 182
977 1388
977 769
978 1164
978 1062
978 685
978 1594
978 137
979 1152
979 382
979 1530
979 1686
979 1404
980 1260
980 758
980 244
980 1633
980 983
981 552
981 476
981 192
981 536
981 1707
982 1118
982 1412
982 1409
982 1526
982 35
983 380
983 1189
983 65
983 1617
983 164
984 1077
984 1179
984 1388
984 1240
984 1123
985 1640
985 908
985 349
985 1691
985 99
986 1636
986 753
986 1140
986 967
986 233
987 512
987 80
987 1598
987 706
987 1277
988 1683
988 671
988 243
988 778
988 290
989 1411
989 1113
989 642
989 958
989 1589
990 897
990 1512
990 1536
990 96
990 533
991 1243
991 536
991 163
991 435
991 30
992 1181
992 1394
992 720
992 450
992 835
993 512
993 139
993 437
993 1569
993 1664
994 1099
994 1574
994 152
994 1310
994 1538
995 1021
995 1584
995 1272
995 123
995 1047
996 83
996 1686
996 1612
996 1224
996 291
997 912
997 1269
997 1163
997 447
997 217
998 222
998 1211
998 1203
998 1658
998 1220
999 530
999 1323
999 625
999 684
999 870
1000 1111
1000 306
1000 1502
1000 930
1000 1508
1001 1192
1001 912
1001 823
1001 828
1001 447
1002 378
1002 634
1002 1619
1002 1575
1002 284
1003 182
1003 566
1003 296
1003 1583
1003 1123
1004 766
1004 1683
1004 1619
1004 648
1004 1531
1005 1486
1005 1620
1005 554
1005 1696
1005 1673
1006 858
1006 574
1006 554
1006 423
1006 1450
1007 1400
1007 336
1007 680
1007 37
1007 1152
1008 1075
1008 1113
1008 1404
1008 1589
1008 160
1009 1686
1009 575
1009 374
1009 1481
1009 786
1010 336
1010 680
1010 1597
1010 130
1010 1363
1011 333
1011 0
1011 680
1011 1209
1011 1395
1012 1657
1012 1650
1012 1277
1012 1146
1012 347
1013 1269
1013 447
1013 823
1013 1477
1013 912
1014 1444
1014 1262
1014 799
1014 1202
1014 1200
1015 1683
1015 393
1015 1474
1015 130
1015 211
1016 1077
1016 296
1016 981
1016 196
1016 1488
1017 610
1017 433
1017 1094
1017 338
1017 215
1018 1677
1018 1487
1018 217
1018 371
1018 549
1019 1436
1019 587
1019 1252
1019 1575
1019 1284
1020 686
1020 1526
1020 1277
1020 254
1020 748
1021 967
1021 1569
1021 570
1021 1598
1021 20
1022 917
1022 566
1022 1450
1022 1488
1022 1007
1023 1245
1023 845
1023 1655
1023 1042
1023 1053
1024 561
1024 1118
1024 1212
1024 860
1024 1330
1025 818
1025 1483
1025 537
1025 718
1025 1006
1026 1560
1026 646
1026 1209
1026 766
1026 1185
1027 1253
1027 1657
1027 1122
1027 1360
1027 433
1028 719
1028 861
1028 1633
1028 1675
1028 811
1029 813
1029 483
1029 497
1029 638
1029 1282
1030 1632
1030 1165
1030 1358
1030 1192
1030 1086
1031 405
1031 28
1031 366
1031 440
1031 636
1032 284
1032 311
1032 1604
1032 818
1032 423
1033 708
1033 122
1033 1448
1033 1333
1033 952
1034 686
1034 1279
1034 1330
1034 885
1034 1412
1035 291
1035 1224
1035 544
1035 1686
1035 778
1036 80
1036 1598
1036 1569
1036 460
1036 655
1037 1317
1037 1132
1037 1316
1037 1117
1037 1405
1038 858
1038 83
1038 752
1038 200
1038 1483
1039 428
1039 823
1039 1163
1039 611
1039 1471
1040 1521
1040 589
1040 1589
1040 501
1040 532
1041 634
1041 1682
1041 1390
1041 83
1041 778
1042 1454
1042 204
1042 1335
1042 1053
1042 530
1043 1462
1043 864
1043 635
1043 1319
1043 529
1044 634
1044 858
1044 1143
1044 863
1044 47
1045 1212
1045 707
1045 1409
1045 9
1045 802
1046 1118
1046 1212
1046 748
1046 65
1046 1409
1047 314
1047 655
1047 717
1047 386
1047 1360
1048 1055
1048 274
1048 558
1048 1238
1048 359
1049 343
1049 1409
1049 847
1049 963
1049 1397
1050 1257
1050 706
1050 1563
1050 1652
1050 1638
1051 1496
1051 1656
1051 655
1051 1676
1051 314
1052 516
1052 1463
1052 358
1052 1652
1052 1409
1053 659
1053 1454
1053 1335
1053 1194
1053 39
1054 1575
1054 536
1054 1204
1054 1179
1054 57
1055 795
1055 1238
1055 1565
1055 94
1055 1048
1056 314
1056 1039
1056 428
1056 206
1056 823
1057 1480
1057 118
1057 1596
1057 1388
1057 1700
1058 1105
1058 1420
1058 1409
1058 912
1058 739
1059 110
1059 1373
1059 1385
1059 1386
1059 1289
1060 17
1060 617
1060 318
1060 1582
1060 1106
1061 1359
1061 232
1061 1103
1061 1486
1061 1210
1062 443
1062 137
1062 782
1062 650
1062 1489
1063 6
1063 623
1063 1190
1063 1007
1063 414
1064 530
1064 1323
1064 625
1064 1072
1064 999
1065 47
1065 1209
1065 1560
1065 1427
1065 1119
1066 1693
1066 74
1066 960
1066 843
1066 116
1067 1498
1067 127
1067 432
1067 1139
1067 1286
1068 203
1068 1598
1068 1166
1068 45
1068 462
1069 868
1069 1117
1069 944
1069 216
1069 1021
1070 1207
1070 862
1070 80
1070 121
1070 1706
1071 717
1071 1157
1071 612
1071 614
1071 995
1072 530
1072 1064
1072 1109
1072 247
1072 659
1073 114
1073 96
1073 95
1073 900
1073 1536
1074 1219
1074 991
1074 600
1074 101
1074 435
1075 232
1075 1113
1075 1008
1075 193
1075 1404
1076 444
1076 248
1076 531
1076 1686
1076 729
1077 1488
1077 296
1077 352
1077 984
1077 181
1078 1077
1078 499
1078 284
1078 181
1078 1602
1079 1325
1079 1683
1079 921
1079 584
1079 238
1080 382
1080 1480
1080 585
1080 1179
1080 634
1081 1104
1081 1438
1081 476
1081 984
1081 844
1082 1477
1082 925
1082 53
1082 376
1082 549
1083 1568
1083 442
1083 1094
1083 314
1083 1401
1084 367
1084 427
1084 799
1084 1128
1084 991
1085 443
1085 252
1085 137
1085 1554
1085 834
1086 1657
1086 41
1086 556
1086 1375
1086 487
1087 1242
1087 706
1087 1140
1087 80
1087 1617
1088 1488
1088 1480
1088 845
1088 1388
1088 588
1089 531
1089 727
1089 1328
1089 1661
1089 83
1090 1145
1090 467
1090 13
1090 1474
1090 192
1091 1571
1091 1330
1091 1093
1091 222
1091 1537
1092 1057
1092 1480
1092 673
1092 118
1092 328
1093 139
1093 80
1093 1330
1093 706
1093 528
1094 41
1094 1017
1094 1538
1094 1083
1094 215
1095 149
1095 926
1095 1286
1095 1494
1095 1452
1096 437
1096 934
1096 686
1096 576
1096 1277
1097 759
1097 344
1097 1353
1097 309
1097 930
1098 469
1098 891
1098 702
1098 1549
1098 712
1099 994
1099 433
1099 152
1099 479
1099 1316
1100 1501
1100 1195
1100 1340
1100 1486
1100 1673
1101 1391
1101 677
1101 665
1101 49
1101 183
1102 362
1102 811
1102 268
1102 36
1102 80
1103 1661
1103 1485
1103 798
1103 488
1103 554
1104 981
1104 182
1104 181
1104 536
1104 1488
1105 1058
1105 237
1105 447
1105 1163
1105 912
1106 610
1106 17
1106 1302
1106 1017
1106 1310
1107 1635
1107 73
1107 1400
1107 734
1107 680
1108 634
1108 752
1108 475
1108 284
1108 1393
1109 1629
1109 625
1109 1139
1109 530
1109 468
1110 1425
1110 898
1110 900
1110 1073
1110 892
1111 1685
1111 505
1111 1482
1111 154
1111 1383
1112 74
1112 116
1112 572
1112 803
1112 1066
1113 1404
1113 1270
1113 989
1113 193
1113 1075
1114 338
1114 1242
1114 287
1114 1189
1114 17
1115 564
1115 691
1115 1315
1115 1110
1115 350
1116 1487
1116 610
1116 1653
1116 1310
1116 223
1117 1601
1117 428
1117 823
1117 1316
1117 314
1118 1409
1118 332
1118 343
1118 943
1118 1308
1119 393
1119 1578
1119 646
1119 1065
1119 1514
1120 1419
1120 425
1120 96
1120 286
1120 615
1121 1330
1121 512
1121 80
1121 267
1121 31
1122 1039
1122 1657
1122 1117
1122 78
1122 22
1123 1179
1123 1480
1123 182
1123 1488
1123 600
1124 1412
1124 1118
1124 1409
1124 797
1124 332
1125 460
1125 512
1125 115
1125 1526
1125 1277
1126 1139
1126 542
1126 530
1126 1556
1126 1335
1127 1486
1127 552
1127 1243
1127 752
1127 918
1128 305
1128 374
1128 243
1128 1430
1128 1202
1129 897
1129 1305
1129 1162
1129 939
1129 471
1130 1230
1130 1665
1130 1534
1130 868
1130 1255
1131 332
1131 1118
1131 1409
1131 1541
1131 210
1132 433
1132 428
1132 1607
1132 1376
1132 408
1133 1708
1133 560
1133 562
1133 563
1133 564
1134 1243
1134 102
1134 1393
1134 600
1134 1655
1135 1277
1135 1569
1135 1412
1135 20
1135 748
1136 685
1136 1594
1136 1684
1136 599
1136 978
1137 750
1137 421
1137 186
1137 936
1137 851
1138 145
1138 675
1138 1498
1138 844
1138 525
1139 542
1139 1126
1139 1556
1139 930
1139 1109
1140 1441
1140 952
1140 570
1140 437
1140 1616
1141 495
1141 122
1141 622
1141 1569
1141 1652
1142 1208
1142 154
1142 684
1142 648
1142 1373
1143 83
1143 933
1143 1044
1143 336
1143 1010
1144 1185
1144 1363
1144 1010
1144 684
1144 1382
1145 1243
1145 476
1145 552
1145 536
1145 1179
1146 1412
1146 700
1146 1409
1146 222
1146 706
1147 1452
1147 642
1147 1461
1147 1404
1147 589
1148 221
1148 547
1148 1255
1148 1099
1148 385
1149 609
1149 1315
1149 550
1149 283
1149 615
1150 325
1150 654
1150 1576
1150 1254
1150 563
1151 1165
1151 1189
1151 1632
1151 1358
1151 1106
1152 130
1152 393
1152 1307
1152 37
1152 886
1153 210
1153 936
1153 81
1153 1118
1153 701
1154 617
1154 17
1154 1327
1154 1584
1154 437
1155 447
1155 912
1155 717
1155 206
1155 656
1156 1607
1156 1333
1156 429
1156 868
1156 700
1157 934
1157 1071
1157 1403
1157 1130
1157 35
1158 1588
1158 803
1158 74
1158 851
1158 329
1159 1564
1159 1687
1159 1118
1159 1157
1159 967
1160 364
1160 260
1160 40
1160 74
1160 709
1161 1491
1161 1463
1161 1212
1161 144
1161 1527
1162 939
1162 864
1162 434
1162 637
1162 134
1163 912
1163 1477
1163 1676
1163 447
1163 1496
1164 1553
1164 599
1164 137
1164 1062
1164 650
1165 1151
1165 1030
1165 17
1165 1316
1165 1106
1166 1068
1166 258
1166 1598
1166 1505
1166 1476
1167 241
1167 374
1167 1349
1167 1686
1167 1320
1168 310
1168 574
1168 991
1168 1283
1168 590
1169 1060
1169 9
1169 833
1169 300
1169 737
1170 80
1170 1569
1170 1434
1170 512
1170 1242
1171 217
1171 325
1171 1657
1171 823
1171 611
1172 281
1172 753
1172 555
1172 1330
1172 1598
1173 884
1173 1542
1173 1656
1173 1692
1173 58
1174 1554
1174 677
1174 252
1174 1206
1174 1238
1175 20
1175 1564
1175 1277
1175 139
1175 706
1176 419
1176 1697
1176 240
1176 1376
1176 287
1177 760
1177 1526
1177 1598
1177 74
1177 743
1178 861
1178 811
1178 719
1178 512
1178 1275
1179 1480
1179 769
1179 118
1179 1243
1179 1388
1180 55
1180 1224
1180 996
1180 83
1180 988
1181 1394
1181 720
1181 992
1181 450
1181 835
1182 314
1182 206
1182 1477
1182 1163
1182 563
1183 1650
1183 1122
1183 932
1183 912
1183 1477
1184 211
1184 1418
1184 1265
1184 44
1184 974
1185 684
1185 154
1185 374
1185 313
1185 1026
1186 35
1186 1242
1186 610
1186 80
1186 365
1187 418
1187 1365
1187 1194
1187 661
1187 1128
1188 894
1188 1637
1188 782
1188 677
1188 1394
1189 1277
1189 1634
1189 1569
1189 1151
1189 437
1190 1063
1190 414
1190 1635
1190 531
1190 374
1191 100
1191 763
1191 278
1191 1705
1191 704
1192 1346
1192 237
1192 1269
1192 1254
1192 217
1193 607
1193 1261
1193 1270
1193 1404
1193 502
1194 39
1194 1053
1194 659
1194 530
1194 1454
1195 1486
1195 167
1195 30
1195 1247
1195 836
1196 507
1196 83
1196 1555
1196 1143
1196 6
1197 1098
1197 172
1197 345
1197 313
1197 1549
1198 348
1198 297
1198 1394
1198 651
1198 1206
1199 708
1199 1033
1199 1110
1199 961
1199 635
1200 648
1200 713
1200 1671
1200 830
1200 154
1201 1589
1201 1270
1201 1483
1201 958
1201 166
1202 374
1202 414
1202 243
1202 539
1202 1686
1203 116
1203 1611
1203 74
1203 960
1203 364
1204 1359
1204 1243
1204 536
1204 1655
1204 1201
1205 108
1205 429
1205 1651
1205 1412
1205 346
1206 677
1206 109
1206 834
1206 1174
1206 443
1207 53
1207 655
1207 1676
1207 1496
1207 1070
1208 336
1208 1142
1208 842
1208 1143
1208 886
1209 1026
1209 766
1209 1065
1209 588
1209 1560
1210 435
1210 1006
1210 1243
1210 163
1210 1077
1211 998
1211 504
1211 1463
1211 1257
1211 233
1212 1118
1212 1409
1212 1412
1212 343
1212 332
1213 1118
1213 1409
1213 343
1213 1308
1213 1212
1214 1515
1214 391
1214 1344
1214 1511
1214 596
1215 615
1215 560
1215 609
1215 1566
1215 96
1216 1409
1216 1118
1216 1412
1216 65
1216 332
1217 489
1217 1270
1217 496
1217 189
1217 1436
1218 770
1218 894
1218 98
1218 681
1218 1637
1219 57
1219 1074
1219 101
1219 569
1219 649
1220 860
1220 1203
1220 315
1220 686
1220 1417
1221 1633
1221 1675
1221 135
1221 758
1221 1442
1222 588
1222 933
1222 1010
1222 531
1222 1262
1223 843
1223 439
1223 74
1223 40
1223 851
1224 291
1224 83
1224 55
1224 1686
1224 417
1225 967
1225 1135
1225 708
1225 398
1225 386
1226 810
1226 321
1226 243
1226 199
1226 680
1227 1564
1227 706
1227 1545
1227 36
1227 1135
1228 797
1228 1118
1228 65
1228 1412
1228 346
1229 1506
1229 565
1229 934
1229 906
1229 173
1230 547
1230 408
1230 1401
1230 1130
1230 433
1231 393
1231 634
1231 786
1231 1247
1231 414
1232 1409
1232 1118
1232 1308
1232 343
1232 332
1233 464
1233 1596
1233 1369
1233 1349
1233 648
1234 1368
1234 223
1234 338
1234 433
1234 882
1235 1506
1235 747
1235 1250
1235 85
1235 177
1236 9
1236 1595
1236 1269
1236 472
1236 1230
1237 96
1237 64
1237 95
1237 1419
1237 560
1238 1539
1238 795
1238 1585
1238 1554
1238 1565
1239 483
1239 663
1239 83
1239 587
1239 591
1240 536
1240 311
1240 124
1240 673
1240 448
1241 1217
1241 232
1241 1404
1241 189
1241 48
1242 80
1242 1569
1242 437
1242 20
1242 706
1243 991
1243 163
1243 1393
1243 1283
1243 536
1244 935
1244 991
1244 197
1244 435
1244 905
1245 1023
1245 1139
1245 659
1245 930
1245 1053
1246 447
1246 597
1246 1254
1246 280
1246 823
1247 1686
1247 1195
1247 414
1247 374
1247 1481
1248 80
1248 41
1248 433
1248 610
1248 1564
1249 1391
1249 183
1249 1637
1249 98
1249 1590
1250 460
1250 1277
1250 1534
1250 576
1250 1260
1251 338
1251 866
1251 460
1251 433
1251 1277
1252 1486
1252 1393
1252 1436
1252 44
1252 1243
1253 549
1253 292
1253 1677
1253 1027
1253 217
1254 823
1254 912
1254 1657
1254 376
1254 447
1255 479
1255 1376
1255 1584
1255 1665
1255 123
1256 1394
1256 1181
1256 720
1256 894
1256 835
1257 1118
1257 1687
1257 1409
1257 65
1257 843
1258 685
1258 137
1258 1062
1258 650
1258 54
1259 1388
1259 784
1259 566
1259 1432
1259 814
1260 1412
1260 1277
1260 512
1260 1409
1260 80
1261 1521
1261 1075
1261 1270
1261 989
1261 525
1262 1444
1262 1579
1262 904
1262 1202
1262 1682
1263 1325
1263 353
1263 345
1263 1387
1263 1079
1264 904
1264 1671
1264 148
1264 713
1264 1144
1265 161
1265 1498
1265 247
1265 341
1265 1152
1266 706
1266 1360
1266 1657
1266 1272
1266 386
1267 96
1267 95
1267 764
1267 615
1267 1536
1268 1185
1268 446
1268 684
1268 11
1268 321
1269 912
1269 447
1269 1595
1269 1477
1269 1013
1270 1113
1270 1201
1270 1404
1270 1521
1270 417
1271 1432
1271 1005
1271 501
1271 29
1271 567
1272 75
1272 105
1272 437
1272 686
1272 689
1273 1158
1273 1330
1273 1277
1273 437
1273 797
1274 417
1274 778
1274 1088
1274 1143
1274 312
1275 1638
1275 20
1275 1598
1275 80
1275 1212
1276 825
1276 119
1276 1031
1276 1687
1276 46
1277 1569
1277 139
1277 80
1277 20
1277 512
1278 1051
1278 460
1278 1569
1278 773
1278 437
1279 1569
1279 662
1279 1598
1279 80
1279 1330
1280 1237
1280 96
1280 1120
1280 560
1280 615
1281 1419
1281 425
1281 96
1281 615
1281 286
1282 310
1282 483
1282 143
1282 574
1282 588
1283 30
1283 167
1283 1243
1283 1393
1283 1474
1284 1283
1284 167
1284 30
1284 1195
1284 1393
1285 1598
1285 1021
1285 1569
1285 1543
1285 937
1286 355
1286 926
1286 1095
1286 631
1286 149
1287 258
1287 1157
1287 400
1287 1405
1287 1277
1288 443
1288 109
1288 677
1288 834
1288 49
1289 1629
1289 247
1289 1323
1289 1698
1289 459
1290 977
1290 484
1290 1025
1290 824
1290 1347
1291 1325
1291 620
1291 238
1291 1084
1291 755
1292 1261
1292 1521
1292 1567
1292 1404
1292 711
1293 609
1293 1215
1293 183
1293 1391
1293 95
1294 1636
1294 1582
1294 1277
1294 1569
1294 1601
1295 1404
1295 1661
1295 73
1295 1485
1295 975
1296 252
1296 173
1296 677
1296 1566
1296 560
1297 1254
1297 678
1297 1051
1297 655
1297 22
1298 1528
1298 1485
1298 1683
1298 634
1298 83
1299 314
1299 912
1299 327
1299 1269
1299 655
1300 1458
1300 428
1300 1118
1300 1500
1300 5
1301 314
1301 912
1301 823
1301 447
1301 1477
1302 1310
1302 1582
1302 1106
1302 41
1302 403
1303 247
1303 1044
1303 1038
1303 1696
1303 1393
1304 1533
1304 1247
1304 1485
1304 291
1304 531
1305 635
1305 1129
1305 1675
1305 1633
1305 897
1306 1640
1306 511
1306 1339
1306 1066
1306 74
1307 1528
1307 1152
1307 1286
1307 631
1307 1328
1308 1118
1308 1409
1308 332
1308 210
1308 343
1309 591
1309 473
1309 1629
1309 1437
1309 768
1310 363
1310 433
1310 1657
1310 338
1310 1302
1311 1542
1311 441
1311 1157
1311 876
1311 1609
1312 1349
1312 238
1312 620
1312 1291
1312 942
1313 1215
1313 183
1313 1391
1313 98
1313 1392
1314 921
1314 1539
1314 1238
1314 688
1314 499
1315 691
1315 615
1315 560
1315 1681
1315 1626
1316 1117
1316 610
1316 17
1316 215
1316 1099
1317 1269
1317 447
1317 970
1317 1477
1317 1535
1318 1310
1318 1448
1318 1446
1318 1333
1318 259
1319 320
1319 96
1319 560
1319 615
1319 1566
1320 684
1320 625
1320 510
1320 1430
1320 224
1321 648
1321 154
1321 1200
1321 858
1321 1613
1322 701
1322 618
1322 514
1322 1311
1322 1542
1323 999
1323 684
1323 1064
1323 625
1323 1629
1324 1569
1324 262
1324 20
1324 1705
1324 191
1325 921
1325 1291
1325 620
1325 1349
1325 1079
1326 1498
1326 1335
1326 616
1326 1698
1326 976
1327 17
1327 617
1327 1154
1327 1310
1327 1316
1328 6
1328 127
1328 1635
1328 594
1328 680
1329 1553
1329 1062
1329 1489
1329 1394
1329 1164
1330 1569
1330 139
1330 80
1330 512
1330 967
1331 1565
1331 1238
1331 1539
1331 688
1331 1585
1332 1156
1332 1153
1332 1069
1332 512
1332 1563
1333 679
1333 868
1333 555
1333 1569
1333 80
1334 552
1334 1596
1334 37
1334 1613
1334 588
1335 1326
1335 530
1335 1053
1335 1454
1335 696
1336 926
1336 1635
1336 886
1336 668
1336 616
1337 338
1337 1665
1337 1376
1337 1584
1337 433
1338 10
1338 1115
1338 658
1338 1562
1338 28
1339 159
1339 1693
1339 1306
1339 74
1339 364
1340 1195
1340 1100
1340 1486
1340 1393
1340 30
1341 80
1341 20
1341 460
1341 1330
1341 1277
1342 1635
1342 110
1342 1063
1342 187
1342 333
1343 823
1343 1269
1343 912
1343 447
1343 10
1344 1214
1344 954
1344 563
1344 460
1344 139
1345 474
1345 1633
1345 1331
1345 758
1345 1679
1346 1192
1346 1653
1346 314
1346 1254
1346 237
1347 1488
1347 476
1347 981
1347 1572
1347 182
1348 1633
1348 1675
1348 1543
1348 1403
1348 1539
1349 620
1349 1233
1349 649
1349 48
1349 339
1350 311
1350 1583
1350 907
1350 1038
1350 1604
1351 1409
1351 1118
1351 332
1351 343
1351 1412
1352 80
1352 123
1352 139
1352 1277
1352 1569
1353 710
1353 1702
1353 76
1353 889
1353 1517
1354 813
1354 497
1354 143
1354 166
1354 275
1355 1567
1355 581
1355 103
1355 494
1355 607
1356 713
1356 684
1356 510
1356 729
1356 625
1357 1483
1357 423
1357 537
1357 552
1357 161
1358 1477
1358 237
1358 1082
1358 314
1358 22
1359 991
1359 536
1359 435
1359 1243
1359 101
1360 447
1360 1269
1360 912
1360 1657
1360 1013
1361 684
1361 311
1361 124
1361 130
1361 1474
1362 1269
1362 1595
1362 237
1362 1653
1362 1477
1363 6
1363 127
1363 1010
1363 680
1363 684
1364 1398
1364 48
1364 1556
1364 543
1364 1349
1365 418
1365 241
1365 1187
1365 188
1365 11
1366 1560
1366 648
1366 1613
1366 1619
1366 339
1367 518
1367 1412
1367 1623
1367 51
1367 281
1368 223
1368 1234
1368 338
1368 1487
1368 735
1369 1233
1369 241
1369 931
1369 1349
1369 1185
1370 56
1370 1655
1370 1349
1370 1700
1370 1204
1371 797
1371 1434
1371 1546
1371 1569
1371 1598
1372 615
1372 96
1372 560
1372 425
1372 1566
1373 648
1373 684
1373 368
1373 1208
1373 37
1374 211
1374 1418
1374 1629
1374 1498
1374 1289
1375 314
1375 1477
1375 1117
1375 1496
1375 1443
1376 363
1376 547
1376 613
1376 1132
1376 338
1377 435
1377 991
1377 1655
1377 493
1377 710
1378 690
1378 490
1378 976
1378 1698
1378 1194
1379 118
1379 673
1379 642
1379 844
1379 1683
1380 258
1380 1397
1380 1277
1380 331
1380 218
1381 283
1381 615
1381 691
1381 1149
1381 1315
1382 810
1382 1323
1382 1597
1382 684
1382 1208
1383 1482
1383 1698
1383 1139
1383 542
1383 1289
1384 403
1384 1487
1384 371
1384 735
1384 880
1385 1386
1385 1531
1385 0
1385 1522
1385 604
1386 86
1386 1629
1386 1326
1386 154
1386 684
1387 921
1387 1325
1387 353
1387 446
1387 1204
1388 1480
1388 1179
1388 1488
1388 984
1388 814
1389 429
1389 967
1389 1330
1389 1277
1389 80
1390 1041
1390 575
1390 1560
1390 197
1390 836
1391 1593
1391 183
1391 49
1391 665
1391 107
1392 841
1392 651
1392 677
1392 1637
1392 1188
1393 448
1393 344
1393 1195
1393 311
1393 554
1394 720
1394 1181
1394 450
1394 835
1394 481
1395 355
1395 999
1395 1222
1395 0
1395 333
1396 576
1396 919
1396 20
1396 326
1396 89
1397 1409
1397 1212
1397 153
1397 343
1397 1412
1398 1064
1398 1364
1398 1072
1398 1383
1398 530
1399 53
1399 780
1399 472
1399 1422
1399 314
1400 1007
1400 1683
1400 1010
1400 73
1400 1107
1401 373
1401 547
1401 1230
1401 1699
1401 363
1402 754
1402 1155
1402 1105
1402 50
1402 912
1403 1118
1403 343
1403 1409
1403 332
1403 943
1404 1113
1404 607
1404 193
1404 232
1404 1270
1405 80
1405 134
1405 1634
1405 679
1405 437
1406 1632
1406 686
1406 437
1406 1412
1406 1569
1407 338
1407 237
1407 169
1407 1495
1407 1110
1408 53
1408 1082
1408 1477
1408 1132
1408 1676
1409 1118
1409 1412
1409 343
1409 332
1409 153
1410 823
1410 1477
1410 121
1410 237
1410 925
1411 989
1411 642
1411 535
1411 417
1411 1589
1412 1409
1412 1118
1412 797
1412 153
1412 332
1413 363
1413 518
1413 1376
1413 1401
1413 774
1414 1310
1414 1599
1414 1665
1414 1230
1414 1505
1415 640
1415 314
1415 1294
1415 1105
1415 956
1416 178
1416 1227
1416 399
1416 884
1416 1396
1417 437
1417 80
1417 1569
1417 967
1417 686
1418 211
1418 44
1418 1152
1418 1575
1418 161
1419 425
1419 1281
1419 615
1419 95
1419 96
1420 314
1420 912
1420 292
1420 739
1420 1477
1421 944
1421 63
1421 179
1421 173
1421 141
1422 551
1422 1399
1422 1069
1422 1626
1422 970
1423 1687
1423 460
1423 705
1423 139
1423 876
1424 758
1424 62
1424 31
1424 300
1424 706
1425 898
1425 1110
1425 550
1425 603
1425 95
1426 483
1426 1591
1426 1041
1426 355
1426 1064
1427 1578
1427 877
1427 305
1427 1065
1427 47
1428 512
1428 576
1428 437
1428 895
1428 20
1429 890
1429 917
1429 768
1429 1388
1429 1326
1430 224
1430 870
1430 1128
1430 625
1430 1010
1431 967
1431 116
1431 1330
1431 540
1431 1658
1432 634
1432 167
1432 1474
1432 567
1432 1195
1433 1188
1433 841
1433 1637
1433 677
1433 98
1434 865
1434 635
1434 1277
1434 460
1434 1170
1435 880
1435 706
1435 460
1435 1277
1435 700
1436 1195
1436 30
1436 858
1436 1486
1436 1579
1437 336
1437 1143
1437 1328
1437 933
1437 1208
1438 1081
1438 984
1438 196
1438 1104
1438 1240
1439 1118
1439 1412
1439 1212
1439 65
1439 1409
1440 1376
1440 169
1440 363
1440 1571
1440 237
1441 437
1441 748
1441 80
1441 706
1441 1598
1442 1675
1442 1536
1442 758
1442 225
1442 1633
1443 1677
1443 549
1443 1477
1443 823
1443 177
1444 1579
1444 1262
1444 1671
1444 1195
1444 552
1445 314
1445 823
1445 1477
1445 912
1445 1657
1446 1212
1446 210
1446 797
1446 1318
1446 51
1447 563
1447 1676
1447 640
1447 1163
1447 1601
1448 610
1448 152
1448 1568
1448 360
1448 613
1449 1485
1449 1044
1449 30
1449 798
1449 634
1450 378
1450 552
1450 1486
1450 211
1450 311
1451 1598
1451 437
1451 512
1451 1632
1451 1412
1452 149
1452 1095
1452 926
1452 1143
1452 1044
1453 1287
1453 745
1453 660
1453 1463
1453 1476
1454 1053
1454 1042
1454 1335
1454 1698
1454 659
1455 429
1455 65
1455 80
1455 1118
1455 540
1456 1466
1456 66
1456 203
1456 1674
1456 732
1457 686
1457 80
1457 1463
1457 75
1457 139
1458 38
1458 601
1458 848
1458 823
1458 5
1459 1661
1459 1404
1459 228
1459 642
1459 607
1460 313
1460 1262
1460 1320
1460 197
1460 1026
1461 1143
1461 1286
1461 1620
1461 149
1461 1452
1462 853
1462 1129
1462 1043
1462 151
1462 946
1463 1412
1463 20
1463 700
1463 706
1463 993
1464 1409
1464 1118
1464 1687
1464 260
1464 1527
1465 542
1465 1578
1465 1126
1465 740
1465 341
1466 618
1466 1456
1466 66
1466 662
1466 20
1467 1238
1467 1585
1467 1539
1467 688
1467 795
1468 247
1468 1143
1468 1363
1468 127
1468 70
1469 733
1469 1412
1469 797
1469 540
1469 748
1470 761
1470 59
1470 1520
1470 1093
1470 1070
1471 739
1471 1039
1471 549
1471 1477
1471 217
1472 252
1472 1206
1472 720
1472 1296
1472 1218
1473 151
1473 1242
1473 262
1473 1093
1473 779
1474 1578
1474 1432
1474 1283
1474 918
1474 167
1475 1243
1475 1006
1475 1486
1475 554
1475 941
1476 402
1476 437
1476 662
1476 53
1476 1175
1477 912
1477 1082
1477 1676
1477 237
1477 22
1478 1282
1478 1347
1478 818
1478 1350
1478 799
1479 912
1479 61
1479 1254
1479 447
1479 1657
1480 1179
1480 1388
1480 1123
1480 118
1480 718
1481 1686
1481 778
1481 414
1481 1682
1481 1635
1482 1383
1482 1139
1482 1698
1482 247
1482 542
1483 311
1483 537
1483 729
1483 1619
1483 1575
1484 461
1484 124
1484 713
1484 1340
1484 1393
1485 1686
1485 414
1485 1486
1485 1195
1485 291
1486 1195
1486 554
1486 378
1486 1252
1486 197
1487 223
1487 613
1487 735
1487 403
1487 1116
1488 192
1488 1077
1488 889
1488 1388
1488 1088
1489 1062
1489 650
1489 1238
1489 137
1489 782
1490 1436
1490 552
1490 602
1490 684
1490 83
1491 1161
1491 946
1491 622
1491 1260
1491 349
1492 1409
1492 959
1492 1412
1492 326
1492 1118
1493 615
1493 425
1493 286
1493 96
1493 560
1494 1095
1494 1528
1494 631
1494 149
1494 1485
1495 1487
1495 338
1495 774
1495 1401
1495 578
1496 655
1496 1051
1496 237
1496 314
1496 1477
1497 1366
1497 1560
1497 542
1497 1320
1497 836
1498 1326
1498 432
1498 530
1498 459
1498 1550
1499 602
1499 544
1499 1686
1499 291
1499 996
1500 739
1500 216
1500 51
1500 1114
1500 408
1501 1100
1501 1486
1501 30
1501 634
1501 1195
1502 345
1502 1685
1502 459
1502 106
1502 1596
1503 1062
1503 137
1503 725
1503 650
1503 359
1504 80
1504 20
1504 460
1504 437
1504 1598
1505 866
1505 679
1505 541
1505 1242
1505 967
1506 1663
1506 1230
1506 1030
1506 621
1506 833
1507 80
1507 1242
1507 1397
1507 647
1507 895
1508 130
1508 1015
1508 1152
1508 1683
1508 842
1509 708
1509 952
1509 108
1509 664
1509 936
1510 646
1510 1427
1510 1560
1510 1349
1510 413
1511 1242
1511 80
1511 1021
1511 987
1511 66
1512 897
1512 990
1512 900
1512 1536
1512 96
1513 1325
1513 1079
1513 1618
1513 921
1513 1349
1514 393
1514 1119
1514 47
1514 1597
1514 1474
1515 1412
1515 1214
1515 797
1515 706
1515 1330
1516 1359
1516 536
1516 724
1516 382
1516 27
1517 1025
1517 718
1517 543
1517 1084
1517 819
1518 137
1518 1062
1518 443
1518 834
1518 849
1519 677
1519 183
1519 249
1519 49
1519 1391
1520 549
1520 912
1520 823
1520 1013
1520 50
1521 1261
1521 1589
1521 1270
1521 1647
1521 989
1522 404
1522 448
1522 1385
1522 1044
1522 877
1523 739
1523 465
1523 1397
1523 121
1523 654
1524 1163
1524 1477
1524 22
1524 626
1524 1246
1525 1129
1525 1666
1525 1512
1525 471
1525 198
1526 1412
1526 80
1526 936
1526 1330
1526 1564
1527 1412
1527 1652
1527 561
1527 1257
1527 1118
1528 1307
1528 1494
1528 1143
1528 1620
1528 336
1529 1587
1529 437
1529 440
1529 686
1529 80
1530 531
1530 414
1530 466
1530 1208
1530 646
1531 1597
1531 336
1531 749
1531 648
1531 1385
1532 879
1532 1380
1532 1679
1532 1330
1532 1552
1533 531
1533 507
1533 1304
1533 778
1533 160
1534 823
1534 1477
1534 78
1534 1496
1534 912
1535 1254
1535 823
1535 1657
1535 742
1535 217
1536 533
1536 96
1536 897
1536 560
1536 615
1537 874
1537 795
1537 1553
1537 1048
1537 1585
1538 338
1538 433
1538 601
1538 1094
1538 916
1539 1238
1539 1585
1539 795
1539 1467
1539 688
1540 691
1540 550
1540 603
1540 64
1540 565
1541 1118
1541 1409
1541 343
1541 210
1541 1131
1542 1311
1542 1173
1542 884
1542 1504
1542 573
1543 1571
1543 139
1543 1665
1543 576
1543 1285
1544 255
1544 80
1544 708
1544 139
1544 723
1545 460
1545 1417
1545 1406
1545 512
1545 686
1546 1330
1546 80
1546 1412
1546 934
1546 139
1547 87
1547 140
1547 1204
1547 182
1547 1549
1548 1477
1548 1676
1548 833
1548 22
1548 912
1549 192
1549 981
1549 476
1549 378
1549 989
1550 870
1550 1629
1550 1498
1550 1109
1550 661
1551 760
1551 437
1551 1545
1551 781
1551 1277
1552 1565
1552 1238
1552 1539
1552 94
1552 1585
1553 1238
1553 1539
1553 443
1553 795
1553 1062
1554 1238
1554 1174
1554 252
1554 1539
1554 1565
1555 83
1555 778
1555 1196
1555 1143
1555 311
1556 1139
1556 1126
1556 930
1556 247
1556 542
1557 650
1557 992
1557 508
1557 96
1557 1174
1558 1020
1558 1285
1558 1148
1558 1526
1558 763
1559 821
1559 119
1559 993
1559 1646
1559 1569
1560 1026
1560 836
1560 1366
1560 339
1560 646
1561 1310
1561 1302
1561 913
1561 610
1561 1327
1562 10
1562 169
1562 1477
1562 549
1562 292
1563 349
1563 686
1563 1598
1563 1412
1563 797
1564 1412
1564 80
1564 797
1564 1093
1564 1175
1565 1238
1565 795
1565 1062
1565 94
1565 1539
1566 560
1566 615
1566 96
1566 95
1566 1296
1567 92
1567 1404
1567 1103
1567 727
1567 798
1568 1083
1568 1448
1568 613
1568 617
1568 314
1569 139
1569 80
1569 20
1569 1277
1569 706
1570 549
1570 1477
1570 1656
1570 1601
1570 1676
1571 823
1571 689
1571 1360
1571 1677
1571 1654
1572 378
1572 552
1572 211
1572 1604
1572 200
1573 314
1573 848
1573 1301
1573 105
1573 549
1574 17
1574 403
1574 655
1574 994
1574 152
1575 1483
1575 814
1575 211
1575 729
1575 752
1576 656
1576 1657
1576 823
1576 1601
1576 1150
1577 707
1577 1409
1577 171
1577 426
1577 1663
1578 413
1578 211
1578 1474
1578 646
1578 393
1579 1444
1579 810
1579 1436
1579 1483
1579 830
1580 1315
1580 615
1580 603
1580 1626
1580 1566
1581 688
1581 1565
1581 1238
1581 415
1581 795
1582 1302
1582 41
1582 1294
1582 68
1582 547
1583 1604
1583 552
1583 1613
1583 200
1583 284
1584 1665
1584 1094
1584 1154
1584 1337
1584 1255
1585 1238
1585 1539
1585 1467
1585 795
1585 1554
1586 923
1586 990
1586 77
1586 660
1586 1491
1587 512
1587 1529
1587 437
1587 80
1587 1412
1588 803
1588 1158
1588 851
1588 843
1588 159
1589 1592
1589 1201
1589 535
1589 958
1589 193
1590 98
1590 1394
1590 1249
1590 18
1590 894
1591 1084
1591 715
1591 1454
1591 1426
1591 530
1592 544
1592 1224
1592 291
1592 83
1592 1589
1593 1391
1593 183
1593 49
1593 1296
1593 107
1594 685
1594 599
1594 1136
1594 579
1594 978
1595 912
1595 1269
1595 38
1595 447
1595 369
1596 718
1596 241
1596 648
1596 588
1596 1700
1597 1010
1597 684
1597 648
1597 1382
1597 1531
1598 1569
1598 20
1598 80
1598 65
1598 686
1599 1607
1599 1130
1599 349
1599 433
1599 460
1600 1651
1600 1406
1600 1124
1600 349
1600 1024
1601 314
1601 53
1601 1496
1601 1117
1601 1676
1602 1077
1602 1488
1602 1145
1602 196
1602 977
1603 1686
1603 291
1603 1224
1603 996
1603 642
1604 311
1604 1583
1604 284
1604 181
1604 566
1605 143
1605 1110
1605 1614
1605 1648
1605 234
1606 229
1606 745
1606 526
1606 1439
1606 479
1607 1132
1607 880
1607 223
1607 823
1607 428
1608 742
1608 1051
1608 1352
1608 1470
1608 1677
1609 540
1609 343
1609 1279
1609 1439
1609 873
1610 126
1610 1253
1610 655
1610 1375
1610 1562
1611 116
1611 572
1611 1203
1611 950
1611 20
1612 83
1612 1683
1612 996
1612 778
1612 1686
1613 648
1613 1366
1613 1583
1613 294
1613 510
1614 1243
1614 536
1614 1379
1614 118
1614 673
1615 939
1615 371
1615 1021
1615 71
1615 1405
1616 80
1616 349
1616 706
1616 512
1616 1569
1617 1412
1617 686
1617 797
1617 706
1617 437
1618 645
1618 1325
1618 657
1618 145
1618 1387
1619 537
1619 1483
1619 1604
1619 1366
1619 1002
1620 1286
1620 926
1620 1528
1620 1095
1620 1005
1621 635
1621 441
1621 135
1621 586
1621 556
1622 567
1622 1179
1622 1243
1622 182
1622 102
1623 610
1623 1316
1623 1448
1623 1665
1623 152
1624 634
1624 1283
1624 1432
1624 29
1624 377
1625 610
1625 17
1625 882
1625 1448
1625 403
1626 1315
1626 615
1626 560
1626 691
1626 609
1627 1707
1627 1347
1627 981
1627 1490
1627 844
1628 1352
1628 993
1628 859
1628 139
1628 434
1629 1550
1629 1109
1629 1289
1629 1386
1629 684
1630 540
1630 1412
1630 1257
1630 332
1630 1469
1631 845
1631 1388
1631 1053
1631 542
1631 1556
1632 1406
1632 748
1632 1030
1632 662
1632 1343
1633 1675
1633 1221
1633 1442
1633 758
1633 533
1634 1189
1634 1106
1634 1405
1634 1584
1634 215
1635 127
1635 886
1635 1481
1635 336
1635 1328
1636 706
1636 1294
1636 267
1636 993
1636 512
1637 109
1637 677
1637 782
1637 841
1637 924
1638 80
1638 967
1638 797
1638 1223
1638 1275
1639 464
1639 273
1639 200
1639 752
1639 858
1640 1306
1640 1588
1640 800
1640 511
1640 582
1641 1118
1641 346
1641 1409
1641 326
1641 1674
1642 1118
1642 1409
1642 332
1642 343
1642 1212
1643 1379
1643 1589
1643 642
1643 1603
1643 958
1644 180
1644 1444
1644 1583
1644 752
1644 1195
1645 1450
1645 729
1645 1575
1645 1483
1645 1127
1646 1294
1646 1569
1646 570
1646 216
1646 1030
1647 1589
1647 535
1647 1521
1647 642
1647 1411
1648 981
1648 423
1648 118
1648 1388
1648 818
1649 1528
1649 631
1649 1494
1649 668
1649 355
1650 1183
1650 1535
1650 700
1650 742
1650 59
1651 1146
1651 1409
1651 65
1651 1412
1651 1652
1652 1409
1652 1412
1652 153
1652 343
1652 706
1653 376
1653 1346
1653 1163
1653 447
1653 912
1654 823
1654 1657
1654 656
1654 78
1654 1254
1655 710
1655 435
1655 56
1655 1023
1655 1204
1656 1676
1656 1477
1656 402
1656 1051
1656 1496
1657 912
1657 823
1657 656
1657 447
1657 1254
1658 429
1658 736
1658 80
1658 1569
1658 1515
1659 351
1659 1657
1659 1266
1659 454
1659 1703
1660 433
1660 338
1660 679
1660 866
1660 1251
1661 175
1661 1485
1661 1103
1661 427
1661 1084
1662 867
1662 1229
1662 107
1662 1626
1662 287
1663 245
1663 1310
1663 363
1663 1269
1663 873
1664 993
1664 1330
1664 1409
1664 1687
1664 1412
1665 610
1665 613
1665 314
1665 1337
1665 1584
1666 1129
1666 1525
1666 1512
1666 705
1666 429
1667 1360
1667 325
1667 1595
1667 1013
1667 447
1668 1238
1668 1539
1668 1554
1668 415
1668 795
1669 634
1669 602
1669 1501
1669 552
1669 291
1670 917
1670 545
1670 1604
1670 1022
1670 234
1671 713
1671 1200
1671 1444
1671 858
1671 1386
1672 107
1672 1391
1672 49
1672 1593
1672 183
1673 1100
1673 554
1673 574
1673 863
1673 1485
1674 1330
1674 24
1674 939
1674 524
1674 123
1675 1442
1675 758
1675 1633
1675 533
1675 1536
1676 1477
1676 53
1676 1163
1676 1656
1676 1496
1677 549
1677 314
1677 1477
1677 823
1677 1254
1678 1095
1678 1686
1678 149
1678 1603
1678 1494
1679 80
1679 879
1679 1569
1679 1652
1679 1664
1680 332
1680 1409
1680 65
1680 1118
1680 707
1681 691
1681 1315
1681 283
1681 615
1681 1381
1682 83
1682 1041
1682 374
1682 1481
1682 846
1683 1015
1683 778
1683 1686
1683 1612
1683 842
1684 137
1684 1062
1684 1539
1684 1164
1684 964
1685 1111
1685 106
1685 1502
1685 1498
1685 505
1686 55
1686 374
1686 1247
1686 1224
1686 83
1687 1118
1687 1257
1687 65
1687 1308
1687 343
1688 66
1688 91
1688 1068
1688 576
1688 203
1689 324
1689 1690
1689 810
1689 792
1689 1510
1690 291
1690 1686
1690 55
1690 1481
1690 83
1691 1257
1691 72
1691 460
1691 706
1691 1266
1692 295
1692 58
1692 1173
1692 1434
1692 1652
1693 1066
1693 74
1693 843
1693 439
1693 1588
1694 512
1694 245
1694 256
1694 655
1694 1412
1695 1277
1695 797
1695 512
1695 10
1695 1562
1696 1486
1696 1005
1696 197
1696 1436
1696 1579
1697 17
1697 707
1697 1176
1697 518
1697 349
1698 976
1698 1326
1698 530
1698 616
1698 336
1699 1401
1699 547
1699 373
1699 774
1699 1376
1700 1596
1700 588
1700 1179
1700 718
1700 1057
1701 696
1701 1328
1701 669
1701 1698
1701 490
1702 317
1702 620
1702 712
1702 697
1702 649
1703 967
1703 1663
1703 557
1703 736
1703 65
1704 126
1704 46
1704 689
1704 1543
1704 1360
1705 139
1705 538
1705 80
1705 1569
1705 837
1706 1082
1706 1477
1706 314
1706 428
1706 327
1707 981
1707 181
1707 569
1707 476
1707 525
1708 547
1708 1582
1708 347
1708 363
1708 332
